-7689770
-4164018
-8607657
-8481886
-884821
-5373019
1000821
-396185
-5226332
3435634
-5284741
298362
7305261
3941769
-4666234
-995767
1189255
-6266475
-1515076
-5623307
-2875120
-3374817
-7877748
-6967808
-4933330
-6658708
-5131230
4409534
8108846
9514355
2391665
-9573056
-2567343
-746089
-4199480
634334
2694497
-1462349
-983827
-5355396
-6835849
999113
1618467
4461273
5823159
9003972
4104004
1079962
-9002546
4116338
-7394699
-874296
5691547
-3257940
3685557
9784248
-1648930
1154534
-6472781
-510566
-8901000
2415537
-9695013
5624036
3594266
-23351
-2531729
6617718
896021
-7929875
8896302
8852376
845643
-2071088
7059387
3914758
2439095
4196453
249872
6766711
-1702759
8834317
-2304681
3972017
2192785
4634379
-4533800
3052296
-3708438
5377770
-8879480
5626293
-8692958
5583156
9331732
-2847884
-7300938
5366349
-7345351
-2978935
