331039
-1435764
-8111454
2074685
-5256032
427680
6168879
-7173608
9785161
5086938
8217280
2131100
6589501
-2525367
4081541
-3923899
208308
-2061353
-1659728
4433379
286890
5101354
6699845
-2762731
-5619106
-6741472
3718788
9434201
8359265
-3202406
6531127
8946902
9161028
-1326641
-8913031
6998162
-7358554
2529648
-5568618
6059616
7220345
9066006
-3630817
-9711440
9658864
1272070
4769085
-7592764
-7922716
-9230584
-5428243
-5136033
5005843
7408663
6095892
3748142
-3518440
-1687965
-7160940
-1212866
9146357
4298763
7272762
-1089987
2539516
8748394
3143197
-1115725
-2664955
7508808
-4249062
9092003
-9331077
-38688
3078869
8837220
-9151893
-1568987
-4765674
2770304
5957534
7580239
-7164881
-6299662
5543925
9486712
6339807
-5737875
1164000
7113592
4183754
-2530434
-3250921
-1616517
6873553
-6889908
2955815
5106844
-1747778
-6490987
-9847947
8911349
2641559
4679078
7278074
-6779059
-5581434
4658746
2072067
-4628439
-753047
-6060541
1341400
-8123211
3658466
6147260
-9009596
4659425
3925538
-4823376
557348
-4350246
1899031
9293822
-7222029
-5349111
2961885
-3346086
9469310
2238206
-2636479
1359475
9404286
-8403375
406521
-1625289
8976877
4649139
-4231515
-3225398
5947488
-4949354
-5388956
-6772831
-6045983
-4797091
-4713061
9361329
-9426884
-9599522
-1757702
3733498
7315054
6731171
-987318
2293256
3979387
-959613
1923936
-1870404
-7649455
881601
4329778
2708101
-416710
2773504
2403603
516984
7487891
-1621896
457084
-141647
5425549
-1488881
4908011
-1878728
-332027
8879912
877865
-7594887
-5242127
7184651
7537934
72956
5305223
-6037948
-8767298
7505949
6737493
7447428
-5813541
4339984
6147117
-5464733
-6279859
969635
-5790830
7615835
8819107
2875950
5560811
6158806
5948116
-7096708
429630
5988831
9336789
-6436936
5030466
6616550
-8257707
-2644242
8019477
7710560
8697908
8091864
7170527
-450627
3837998
6916496
-3097678
1237928
7137204
-3469659
7343262
-7908283
2639558
8971689
-4825958
3017771
450360
-2905219
7866150
4947424
4887882
-2604165
-5930146
-7883142
6660633
-2393861
-4709509
-9369547
-6351684
-7328856
6660812
4811578
3472806
-1793050
-1335278
322709
-601575
-2169867
6517710
3631534
5495255
-2222748
7644249
-1207913
8726904
3395091
-8090901
3226192
-882862
8833407
3541902
7170476
5530425
6316561
-6903650
5900713
-4807583
-9094618
-954123
-4807597
-3452388
-1661737
6234116
9288653
-9029106
-268723
4008542
-3626905
-3922868
8616545
6559664
-6232741
-9452272
7909362
-1302681
-1292767
-6281828
-3250784
-8145101
-7209086
-7408436
4315886
-1961375
3213603
-4441273
2059522
-9652603
8385002
6925723
-9345888
7607557
-8937416
-5295015
9864925
8844737
-6180570
5565031
2630428
-147053
-8165842
2037214
3656889
8574884
7919199
743706
-6468017
-1753175
722458
-6710101
-5790942
-3343518
-1778638
8409179
-4977870
-8088826
-2031913
-1577782
-1848683
-1589194
4681382
5073443
-5949797
-4784190
4054322
-3038525
-6291334
8792857
1351482
-9496208
8794247
5570246
-773110
-7608672
-2172046
-9116032
-719234
-9630305
9671886
-4707532
-5141195
-9531455
7071930
-7479665
7344972
7663503
4960296
-4135094
2870883
194649
-4376817
-9945999
5221432
-5993759
-7261773
-7222789
8857182
-8690033
8254594
-6356267
8593364
9509060
2436929
-3367687
7752369
-326672
-8154209
-9072515
3881883
-3048042
8172245
-6230853
355878
6495023
1610310
-8713787
-8151960
-3773678
-3330674
6374998
4953184
-7887929
-5319156
-4748435
-1660344
9572829
5351206
-2198827
9047266
9497114
529101
1437534
3030681
-8593003
-9252264
7870903
-1015921
-7993825
-5306391
3839785
-6006592
1662023
-7742537
-6103775
-3076397
4043698
-7145163
4961128
-1223053
-5966334
-4379540
3530843
4068516
-816045
-8721679
-4285480
3323237
9773674
5991576
-8799130
2116749
-1285439
7002108
-3842504
-2837734
-2885980
-6005450
5565493
-9462645
-6326219
-996930
1527038
-4311682
-9747646
-9240108
9937129
1233977
-3735603
-2711327
3642460
5538149
2097278
3137946
-7602472
8643101
-4340374
-9504409
8808188
3343975
-5313090
3921285
1740349
-4397431
3290444
5773790
4475203
3687091
409119
9900921
-8205400
-9222927
-4383446
-1742809
-8193238
-1071766
2396399
-9406951
6503274
-7669776
-6386562
4795265
-3565238
7536122
-2367546
-8741266
-6410666
-6252925
3391395
-6616823
-9783820
6862082
-6494611
-3463694
-6176057
4537516
-3655107
4820599
3379420
-5447526
-4221089
-755584
9562903
6826868
-7319785
5497330
-7756237
5644710
5391396
-770571
5021977
-8106002
8049623
-1686619
-2520184
8505294
-6895619
-5257260
-8656288
-5677126
5780548
6785525
-3979568
4932041
-2463520
-5502891
660961
478303
5876563
-4406833
-2400972
886000
-7518679
4187759
6917811
3376271
-2725913
-5275109
-2659040
-6382559
7171265
826309
-2306486
-2670615
-8549673
1126515
677760
-2092116
-3372461
3839513
8288682
-1419857
9503757
6284520
-2082859
-4221089
-6307579
-7532295
1816236
5470121
-2516453
8931660
4692749
2901259
-4489820
2698652
-2755193
7643277
799582
-335707
-8447529
-1156744
-4328471
7104533
-6247350
-2604685
5995177
4719056
-1458019
3345683
-4640898
8806044
-8996478
1087521
2632666
9309462
3353660
-6337929
8411038
665306
-79550
-7574994
-7277306
4784982
-3848570
-8799115
-5201737
-1980348
-6569464
3786094
47426
4284761
-6619031
7297991
9165489
-7920846
-5916872
-7492683
-1345725
7287823
6248928
181737
9260069
2314318
-4088910
9096717
7481686
2257266
4790684
568677
5662250
3417245
-9811366
6238797
9855910
-1812112
5451677
8126849
-1008987
4991959
8347323
3517890
-6184462
-9884207
7555656
290412
6272475
6628923
-379137
-505574
-3258589
-9896443
9130257
8323205
4990577
855648
525189
-1105413
6481800
-5977817
8749666
9735101
-185440
3381150
4314046
8064215
7813173
2390935
8216225
-1742116
8913714
-1974187
8255781
7779425
-8102595
2910549
8905341
5246791
2257574
-87685
-5777
-9361229
-4652456
-6805014
8718558
-3236432
6725378
-8276141
7203126
-5626641
3779004
-1119437
6612917
-1401371
380408
-4387929
7805287
4713670
-559471
-634748
2762082
-2322140
-6829146
428553
-7699313
8179582
-620427
3546316
-7034660
-3039645
1901013
-7261246
-9742915
3251455
-5427428
-5061107
6464852
2990705
-9113490
4935903
4045868
-828647
7465748
6588881
-2844783
-7882127
-1350996
-7460052
2880678
-7538048
-8843722
1830513
-3976543
-9037747
-5370229
4033603
-6832811
-3910674
-9126243
-5804392
8463621
-9705956
1665642
-5743760
-6456153
646396
705915
5641056
645790
2961412
-9647593
-4134198
626959
-8373855
-9475373
3989978
8444242
-8473163
2111588
7710562
-3933571
2240474
4301673
-5586830
3855146
-6027840
9284403
-5174039
-292572
1132646
-1755438
-8750494
457618
-7247273
-7260829
-9711451
-8907257
-9512629
3089900
8492603
-728362
2416940
9812135
-9232888
-2696851
8045808
-4681190
-3838379
704337
9376501
2027615
-5170834
-1079192
-1717712
-7498305
-6909748
-7642377
-8636411
7505448
-3745515
7056071
-1449139
-6263929
-7472031
3388742
-4669646
-789903
-8219616
-6910361
5605396
-3569857
-6188582
-8324781
-4295746
7708801
8970723
-4387930
-9837125
-2019941
-1151173
-2405658
9788964
-5355066
691831
4264004
7823141
-6579223
3906240
5699452
-4148530
8637771
-6942808
-5614380
-4823776
4305413
3749043
6264256
-4739328
-1656145
-3503259
7807380
-2312355
-3388651
-1009169
-8276894
5939228
9949951
-8507838
7078404
8089546
-1624628
2048542
1935452
-637293
5201551
715975
-5754456
6566348
8808536
-5004886
6137114
2935699
1097733
-9639272
7230804
-1559237
-1953283
-7012278
-351240
-4747012
2415794
2804122
4890426
-5607007
6191521
-1950522
-8299483
4112089
-2947780
105040
-8575804
-8962630
-8237445
4602097
1452731
7295996
-3259974
-1529753
3134934
6940528
2506698
1896045
-594657
3608591
-9186861
-4731175
404170
-7770955
8218185
9971763
35989
-1383317
-8473951
9347837
-750902
4062687
5540345
4568675
-8216959
-6674593
-8225589
-7814016
-6661881
-5814723
-7240701
4714351
9337796
-1360784
1695571
-9246541
6966881
1495713
5895294
5811535
-925127
4747218
3843378
3774739
-9635737
3425265
5102595
-9317702
1042849
-7459519
3528454
6951385
481101
4777748
-8386975
-7368437
2525931
-3471363
-7592575
-6910051
4051270
862926
-3274335
4557217
5789250
-4081602
-3295372
6931978
3166985
7908263
-8986751
763893
-9026905
-8322908
7646003
-4855777
9544730
558181
-7541051
-5187140
7257606
-3497539
8674389
4837575
5307708
-3574558
5341957
-3532357
9501291
-3547040
4792305
-5616150
3730633
3249251
-9589028
4606630
5785619
4650889
4691387
5169208
6465570
-1031282
-4156928
-9550074
6315735
-2503795
-5725739
8415472
-2761930
-5710667
1748570
9229618
-3718950
-9502057
5268619
8408140
7224802
3584670
4681093
8669222
7239159
8838727
2145560
2891474
999370
-192866
-5086355
3462470
3334102
-6469625
3129874
1228621
-2096931
-8818489
9206941
236526
-2355295
3907173
-3775462
9372531
-9622405
2952999
-8923359
8801424
-8432501
6021028
3986933
2547380
-9395553
-8548859
-611410
9639358
-3030424
3712404
3396187
1009383
1715273
9332858
-5494138
-2040185
227661
118811
9915518
-5053862
-1361235
9508336
8288865
-2819999
-4200650
-8688695
-9295102
9660449
-4855380
-7910745
9884397
4886117
5851681
-6648631
-4737546
-4233634
-474270
8505256
-1075042
-9656471
-5301980
6908691
3582382
6480694
-4050619
-915590
1556379
-7735114
4017301
3772538
-3006100
-8654066
2405614
-7631944
6393324
5246576
7615578
-1832339
-3610959
-9623113
1761134
6564282
-2621368
5738569
-2732366
2897065
-8396349
180686
4186487
4692292
2371976
-2780523
8949482
778017
8601917
-6092866
-251764
-2782464
-6993509
-1433142
-7057039
-9046084
7461907
2531734
3623180
-5306534
2634036
9404889
-8706628
-7456249
4289105
-4444491
-1336752
9942808
4442192
6520858
8378707
-6402822
9538473
7653218
2280067
-7616380
3715996
-3033663
-308503
4926229
6061881
-3579740
9077770
-8696316
8361504
-2763655
4332362
-7344797
748431
5669581
-6250402
-248400
-7078346
-7637396
-5753924
-8860378
-5515375
9744991
-5604726
-1138464
-5089310
1410279
5646626
1218317
1688168
7112834
-9096430
6017202
7480785
-4304806
-4377680
4511530
2918064
9199711
8532454
-837687
61021
2657035
7967182
4368916
-8528785
616251
-1258083
7258776
-8363495
-8127758
-9423549
-7986847
2531466
7804189
-5457276
8636280
-2837284
-1100709
-3941470
-5401556
-8528390
-340405
-3879962
-3156118
7850355
1514901
-9877709
4409052
-9102139
-3010270
-1622651
-576441
4551087
-6276204
7700412
-2681502
-4220035
-2412910
-416802
3091319
-3754825
3496696
8610021
3354246
3008674
9862767
6568973
-3378994
6153816
7460279
-8939503
-6602373
8912542
-2185318
-1504833
9472759
8175142
6154175
5109185
-3120939
8527784
4920674
8984183
-3200032
2567029
8777136
-2316988
3921560
-3110259
-2920847
-6587078
7175669
1618960
4173778
6393872
1480954
-1841266
3399561
7099231
2180054
3176161
3391519
-4110602
3504884
-9843496
-4319788
1716600
-9257729
4328083
5151453
9957792
-1231352
-8650647
-6747868
-5367965
-1190005
5092891
-4453608
-7257376
-2959077
8724485
811389
-332303
-8894780
-43957
4729875
9566606
1092880
6584432
9694478
2666581
-9477193
-2211928
-3801697
3988327
-7112057
7194119
-9636511
-8392753
9831499
-4528867
-4252817
7734936
9484760
33098
5186710
7281517
4380069
-7204038
-1935748
-9958218
-1935717
-2244069
-8791478
1759493
2582786
-2575180
8633131
-1319126
-4495098
7671150
1338026
7343804
-1301465
-1954594
8547554
6740959
4461271
9262568
-5839508
-863778
-4230446
-2039886
-9563192
6583432
1299794
7365885
7564179
-5593403
-802234
1963065
-9575188
-2172848
7079704
985740
-2844003
7446880
5688156
8519707
7416522
9952206
-3232599
1666354
1888724
-6278288
-5558231
7188257
-6192253
8921705
426737
3045659
5937886
730943
3045501
510069
5518863
6603825
-7796773
6414848
7102296
4022849
240826
5230961
6319152
814342
8519971
-7838389
1949426
1217151
-7139004
-4128020
5653600
-8412823
-9002109
9925513
1827989
-9477888
-9085887
-656909
3928207
-6526111
4599279
-1263632
6039557
-3310944
-5120666
5251477
2093558
6818868
100674
-3631659
-8618265
-9137835
8057867
6970086
-639071
2317166
-3967829
7959922
6932348
662566
6932152
-6657980
1638761
-1325918
-2047540
-4463830
-7075223
4390016
6246866
4927085
6159899
-7123148
264593
954580
-8536615
-2287992
-537825
-9165740
1276418
-5344558
-7696319
-2527142
1319210
8483561
6287962
4626882
1005436
4889496
7206157
8541501
3219077
1862996
3585724
4953118
-9310206
1473317
-8506508
-9657006
-7007331
-2644948
-5192870
4929003
-4753659
3243776
3438651
-2365942
-4542159
9937068
-4888804
-9539132
2837060
-5391350
-4017063
-421652
1967661
770160
4847785
6336627
7938906
-1865322
4059729
-6637785
8662734
1729321
-1346555
-5619926
-6724532
8607543
-835487
1285023
4606521
6067407
1653389
-1459237
-7592658
9801271
3307817
5577622
-3752918
-9926672
-6512282
73847
-704128
-5569910
-791101
-9092295
-536593
-6344492
9385264
-1219419
-7511581
8946768
-3704900
-1347309
-8304723
7731004
620246
-742839
5936241
7060309
-2356022
5557311
4390980
-5968119
7941734
6187285
-7524055
-1460302
1178984
-1473171
-2519702
6478211
5318488
-6884029
-9445037
759112
-1115789
-9118122
-1739223
-3187291
9327878
-4199768
3456644
2066756
365185
-7440166
-2265188
6736169
-8817643
6147993
892046
4705569
2411462
4472
-4420597
-7357761
9596657
195763
-4161920
3862979
-9275609
6163932
-1767058
4897120
-1378828
734819
-9410234
-3730596
-2387942
-9672437
1777790
3356046
9093577
-9399631
-8673936
3421227
-431060
-5959516
-8791521
-3759674
-2165719
9866242
9542337
-1114121
-629574
2364955
800518
202761
2166900
1557570
-3615839
-1619862
-6478001
4472979
-8372658
-1361474
-9900646
4581710
-9191203
4301546
-2766422
5663748
2937863
375766
4440378
-2581960
-3720114
6603254
1164570
9849519
2131130
7684634
-7544679
8413102
1243352
-190958
582542
5072523
8475040
288272
-6662620
3030023
-6070767
-8587982
-6749353
-3459168
1678657
2276374
6333311
3694107
-8950353
5179390
-9133231
3201273
5381476
-3575406
-7597459
-2338520
-8442244
-6146402
7496909
6516952
-106509
55265
-8673746
2223841
-8563623
8613028
4737964
7908129
1121156
2833196
9349347
6598215
-214611
1219839
-2373098
-7720959
1803933
-8727238
-8123405
5405931
9699401
8427527
6320341
4981570
4261773
-1668096
9247800
-4934071
-2913004
4236892
-6851534
-6385703
9059743
4415697
-4952194
8345847
70490
5654020
5862198
-171027
-5544899
-2848134
9668462
-5704433
-58349
-3393044
-4350908
-3261218
-9106192
4865239
2386546
-3937309
2868989
8368074
-593703
-4450698
-8997211
-9442385
-6799091
-6447857
6071501
-7531336
-5221458
-1134443
6908661
4468263
-3475549
-725053
-136056
-1874483
-8570106
2634332
-6982310
113619
3774656
-5201903
1543143
-2073957
-3301412
6683180
-3927127
2051851
2743466
791358
1928290
-6701129
-2533965
8241211
-1797549
4029285
4953522
3032919
-306158
-8514589
469928
283535
3611545
7891351
-7808677
-8910074
-1202306
5737397
327970
5026766
2996796
1319556
871343
-8195622
6786089
-5841172
5574401
-8867263
-6574829
-6996425
5284161
-9612051
427312
-709598
9181618
7104802
-118737
5428739
-8672325
-5451804
2013241
568047
-3650418
7442065
-2991182
-8011855
-4175104
9927717
4032598
6483019
6960007
5837456
2707275
2907422
-8370905
-6997887
-8695253
9719059
-130750
-9901798
5439565
-6712873
8944533
715586
8851537
-558044
-6028958
1860107
-482174
-9334045
-3534607
-6633609
6473755
281792
4974924
-2817017
5608156
-5401102
1090229
47846
6146363
6787613
-6463454
8160841
1480531
-2744536
-3629082
4995737
231889
-6775283
9264078
719466
-9804554
-4125057
-109874
-1338075
-5240448
-8671509
9253774
98247
-9055352
7437218
8978999
-8803631
9484988
-9023252
-4713666
9288294
5902767
-5081678
-920915
-6664487
7237890
2755814
-8079665
9798110
9374909
3130645
-5591424
2395500
-6803840
4671345
-1827431
-2990814
-7738422
3107557
3611122
-6734621
8391332
9067478
-9935144
2496419
5121041
-822196
1702316
-8638306
5223402
-9296019
-6614831
-7087588
4466707
-3369521
-1736419
-9945072
7163647
6584921
-8441053
-2974363
2625207
2757793
-7616974
-5982434
-8394342
-1290164
5412442
7172025
-3813360
-5187456
-1222205
6176634
1355370
-1002586
2174839
1404444
-9959977
-506479
9700207
-8312479
-9330525
9416784
-9515561
-3004485
271316
4668421
4667027
-1763439
-3634929
7758944
-8871781
-3066034
-6699295
2617674
5631583
3940065
3608264
9216644
-4594065
-9485532
4091958
-8753646
3070669
-5349991
9562736
7061713
3113494
-2649800
-6041613
-2228968
2535552
39123
-6533819
-9302061
8133753
3612321
4024393
-3461982
-6162768
5720942
882035
5434182
-3167836
3592775
-1835423
436496
-5523795
-6437198
9537177
-2312795
560161
4974877
4104335
-9691510
5919206
441189
324264
3617537
-2466169
-296972
9279597
8804481
-7512487
1589611
5209454
7615049
8682139
-1544327
4049103
7827207
8118713
-2062224
5669346
4641971
-8794534
3325758
-819382
-1078440
4024519
7654036
9513633
-8878175
-8013490
3446491
901270
3282075
-2414665
-6738512
2427176
542121
5275135
-1637928
-8810445
-3453669
-9723927
3038578
-395462
5776881
9748764
-3402894
8577737
-2576999
4508855
-2585716
-6324845
-1913793
1284788
-166140
9908940
-8987676
4550911
-7828438
-4603145
-6640778
314185
-6544009
-8391757
9275766
-8538047
-7035618
-4078702
-3273241
-1757696
-1948423
-1189650
7607311
8805412
2409844
-2644910
1165264
3104677
-691854
7011902
5361774
-4634390
1347012
3181469
3622713
7867122
637531
-1563486
9041157
7420089
4101890
-1116811
8075898
9610335
-9625219
6911234
9632366
-8018642
2086589
-5564689
-9887708
-2820218
-5885135
-9448576
-9560135
4707217
-2981814
-9772679
5898283
3576552
-5297252
4095301
5171895
602453
2644079
-1029776
-9694833
-9135596
-7126525
-4031034
315360
-3910252
4698035
-7130686
-9853613
-9340111
7990492
3114372
-5561495
740746
2318241
2807176
-873362
5608124
6909962
-5662239
2077415
-9604581
7647978
5941289
-9057073
6936913
6169233
-6854667
8680967
-2105580
-8349377
8615410
-6808918
7294533
-6149567
2733053
4726069
5263044
-2511175
7398941
-8449746
284630
-9895222
-6101420
-3225317
-1123824
4870798
-5607768
4092302
-7757521
8704478
4397382
9186106
-5037013
5937087
-9679721
9620237
-7709271
3938028
-2816096
9587493
-9635414
7484060
4986729
-8329351
-8300810
-5540508
5828862
2930625
656641
1402490
-1483650
7259090
4066176
9710792
-7640559
-817977
-959342
-5455139
6346328
-971957
7856348
1059608
-8655734
-3011605
1589220
4914543
-7691814
-3587634
-6254772
5589202
-4444806
-7468072
1777329
-4357071
8500754
-7007679
-453228
-5995314
-7743252
234258
-1318789
8646320
-6434071
-5282515
9683561
-7922966
7903172
5036101
5416680
3809932
4212329
-5499603
-6134802
-1540117
377670
-7995562
4009583
-7479510
5423628
7874409
8991806
-6941704
-3025010
4351983
5631292
3274901
-4702907
-214091
-3574825
7968737
-9869918
3836187
5789821
9329249
2908949
-3680212
-2814242
9455400
-8624817
7606002
-8402204
1603917
-9124586
8589433
-6166321
4980691
8773201
466745
1130067
3010698
-6714962
-5992545
3652860
-3602533
-6617049
-9047293
7364381
-1720643
-460426
-6192971
-7980315
-2565540
-3739361
-1643862
182914
5606114
-1855238
-6868147
-2908881
29533
-1099610
-2440283
7648785
1177466
9504569
6613848
8777888
-8515826
1510042
-2689424
1307207
-6745290
-5463431
2668309
966271
-194600
5614426
469809
-3333177
-8736688
-8377183
1314792
-3724770
-760133
-9392593
6042641
5052161
-8202040
4897064
-3419286
3610879
-1290839
936306
-733894
9694293
-6970736
7915119
7031917
-9057869
4397507
-2979545
-9882160
1092880
-5368475
-5832655
-7116207
-658707
1453279
1833497
-2427978
6169258
-3735065
1761206
1372322
-8015986
3912484
1825542
4345573
-674278
8308489
2917595
7768298
747223
-7387023
-5066386
8989625
5003610
8394013
-572397
-9602819
6386294
-5368595
-8060669
-9195810
-8926134
4282036
6551455
-428451
-7382030
5577239
-8189664
-5536796
-1667090
-1201558
608269
6641748
-8878215
-3866982
-7386692
2673643
369281
3686163
-5181337
-8651987
-2296713
7339023
-2472004
5557638
4546261
-4094843
-4075058
-1733919
431205
-4165581
-2152540
-3818530
1133874
-8445626
-5236675
-2867832
-3045947
-9137494
2446824
-52855
-2080821
-7494659
-3358582
3053529
6983300
-6727799
-2779366
-7972152
-4624957
-8303457
8382999
-9546678
-9965073
2680423
-4655925
-1110264
6709470
3268919
-8240070
-3829275
1995305
3134011
-454837
3469047
-4368556
-485097
-3732099
3595469
-5377890
3136354
462117
6764646
3639215
-2718422
-7613204
6515546
159711
-2038139
4950268
-7548139
-5884776
-1976845
-2643466
1246896
7706691
9063054
388633
-4040485
-9640398
8304038
14365
5223744
8574798
-5912480
-193658
7464676
3759778
2862200
4915971
3682966
6188604
-7384485
-1182362
-1321109
-4350811
4919457
6011858
5962709
-8632176
9028614
-4374574
-1045953
2170019
-501616
1137770
-4472880
8240975
-2858506
19749
-8538317
-7061725
-4964427
-5620065
-8388758
-4263211
9327978
6049929
9311620
-1426810
5366227
7747150
-841711
4507218
-6115313
-6645955
9992490
441496
9718168
-6967
-4288857
-174162
-9476660
4530371
-680922
5173918
-8879542
6958312
-5372189
-5907654
-5682770
5846578
1825595
-3719573
8992707
-803783
-6795991
-5396778
-909457
-7394967
4616842
-2842932
-1090969
5701429
8619299
-3504342
5828602
5804121
-5096840
-4654776
-3054269
-2853121
-3599435
-6257988
-8900309
6469723
-8240460
-2266552
-7463867
8537378
6566762
-9686404
-2564411
2207425
-5926673
9383544
7690897
-4778615
-3618851
-4733936
4098745
8092738
-1419477
8713647
6913684
-9796390
-7152539
7554989
-2555482
3028143
758885
-9465743
-7948882
-5587073
8873671
4271903
-1497449
-3704481
-8679899
1270763
-6456273
-3217704
-2244278
-6384001
6975620
-202817
1969741
9132439
-8382681
-5335973
-9458321
123456
-3601337
-5846585
-2806630
-9145323
-7877452
-940461
923566
-9268670
5055384
-8995754
-6523265
-9416720
-5666699
3712675
-5769322
-5460371
-8631055
4129839
-6126845
2811611
6549513
-3935590
-7987776
4795270
-6054551
2451697
6946552
7455803
-8903180
1962388
-9435910
-7351820
2245988
6991342
2492353
1101267
-1676668
1245478
2805465
8902804
-2629053
4944475
8618559
9481908
4433358
4417481
-5948134
6301125
3763632
8350842
-6848030
-3155553
9943379
4138184
9955039
-4914587
2761610
-8584673
2585175
-9939178
7871581
656127
-3734037
-1545685
-434556
-1102158
3874749
5620550
-5024411
-6963152
-8906816
7015597
-1121276
5260933
-2675777
-2867645
-5081879
-7430151
4120269
1258321
2584955
4585647
-1109958
9861939
-3502707
5003124
5826706
-2995512
3546416
-5515027
-105461
-496056
-5410784
-630004
9092195
-5984782
1783190
3580123
8823269
2243244
-8725104
629090
-7142479
6184900
-4990607
-4385079
3034026
-2658466
2852222
9195834
-3799051
7308104
-7879116
-501090
-2078564
-3429201
8349932
-299850
1062301
3687775
-9924995
1469203
-5497804
-6385612
8094083
3130036
-2627781
-2512251
-6692790
5999735
-7598709
1187521
6649412
2435910
-3364563
451971
378776
-7007720
-8017700
-6430467
2429623
-7883336
4588038
-5463531
-9101504
-3971888
-7057850
5872086
-2199399
2418149
6221957
8866916
4678661
-1439206
-1005986
6500575
-5889823
2685418
-7528951
-2628287
3056482
8446643
3188371
-2016424
6553004
-5132532
-9928090
-7479174
376033
-9201792
-6358875
9624964
-6072736
-3950929
-2129456
3200019
-6292628
2207489
-8449349
-1080442
2569482
-7200789
2906640
1829084
7307220
-896150
-145825
4287730
-586256
3234828
5474263
2305478
-7591772
7692868
7023306
6224538
7905597
-1601250
-9056856
-5585807
-1182377
-3667634
-6742303
-4013553
9031149
-1487407
2071404
9255850
511983
-1580211
4874307
-650889
-2300365
-1374987
8987492
-5752363
8934133
-2404368
8919193
-6055740
4193416
-725823
273305
-9351958
-2329568
-5748987
2144562
1516877
310457
7762065
9563755
-7445907
-7221760
-2672348
481046
-2590081
-3187885
-2872161
9969452
7619483
4085509
-5479821
-1564734
-5039713
2899326
3739603
-1063580
3369622
1673716
8702254
-5454010
-2510706
-138933
-6957478
8580244
3976695
-1154503
-9123791
-272737
-1938069
7689411
-2717609
6348084
-598818
-8189484
-4902289
-2402394
-8076196
2304995
-1598417
-3828343
-5759118
3554083
-6857140
-1853645
-2833200
1985533
-2174294
-6187795
3580205
-8635949
1379085
-7438485
6690742
166975
-3398742
8867163
9756192
6660796
2356698
-8555333
-8503345
6786642
8642524
-7183708
-2940880
9766000
1885545
-2813574
5955385
3281286
9784008
-1898715
8998360
-139783
-1709732
9621438
-7671970
9717037
9246792
-4832260
-832460
8176842
5721597
3393875
-4999434
3390862
8708802
2366578
-9253398
6598740
-8637372
4909581
43203
-6848570
3768561
-79327
4824835
3703860
-2357435
545761
4963053
-6199126
5530923
-7261047
-1515243
6000001
1480290
8523036
-8402178
5475410
-9704152
8097008
-5735178
-2831682
-7035776
9596030
1436715
1262903
8458021
1614484
-1163172
3341419
8054125
4432628
-7195518
-567334
1260391
-2454381
9961249
4084245
-1237838
-4771079
9023984
-2652623
6311770
6819765
6755033
9336509
3665867
-5639760
-4907317
6176741
1077718
-8160513
-5758909
6340368
-7556336
-7392041
2461070
1855835
-1981849
1760243
-2232593
-6136612
-8894411
-6835619
6705664
-1289241
3372630
2902734
8432316
-8648278
7553747
8810728
-7677062
5202408
5623608
7591460
7923916
-7675185
-5730010
-3681302
8656262
-8703054
-4627926
51470
9339449
-2558463
-1233382
659658
6267198
937158
-6177327
1986315
-9380033
7132762
6285268
8460505
-2381756
1030024
8199750
-9848
-938114
-4169641
5616703
8391601
6221488
3209845
1711445
2652752
6845148
545538
-7140003
-8251652
-8759429
-4256013
-3210577
3934729
5157260
-7226208
-8285258
-6152524
-694146
3611527
1322676
-7877981
311670
-4068920
-917498
7626639
-1471489
-7689567
860249
-1440927
7186432
-2756832
-2378848
3747470
-1375951
-8926899
-2935474
-4998605
5512023
8724510
3639723
6637270
-5542007
-3933093
-598959
1217062
7966345
-1261200
6061261
-2966028
3108504
867762
-4847536
2603191
5364088
6508925
-9450732
475781
-2196994
2852122
-5751612
9469502
9786167
-5109070
-3697507
5100835
-147153
3709820
-6864837
7786822
-9178950
-9757434
2463306
1569556
-1316228
2271214
4569671
4041972
-5940997
-2724613
-9910121
9080696
2045219
2357260
8955120
5300024
7994008
-1843262
4446016
-8401853
-4554426
2559933
3240638
359861
-5686087
9403643
-5727549
-5849301
8426276
6451619
-9279833
-947425
-2428199
-2541911
-1588958
-6770356
-5757158
1725676
1751470
2289416
407139
-4154768
-625622
3865586
894883
4848464
3384045
-9299138
-9965635
2633099
9334723
4309810
-1844639
-7361751
-8127831
-2692789
5855113
4339490
-4131707
-6818145
2983610
8237715
9489003
-3973135
5575103
8189515
-2395592
5826641
-8958147
9343574
-966742
8311937
5451343
9511047
-485061
5585999
-6887804
-8085220
6732682
-6957827
7370920
-7022679
8506620
38652
3747869
4747931
4652722
-4104449
1058408
-19953
8348456
-4294984
4844510
-9222014
-2486187
824806
-5185006
-7621862
-6463114
-3882897
3531731
838395
9611993
-8182239
4164473
-9420177
7110244
-2338679
1355148
8534989
-7073427
7489303
-4236573
3925943
-5702086
7365404
5956960
-6736037
2355331
2397326
-5925196
-8494864
-4862432
-4746406
-7707614
-4560627
-2769125
-8043968
1129317
-6616738
-3720215
4162310
-5541778
-9030298
-5658041
-8611665
-8893321
5187724
-9874361
-9266931
1752235
2368909
-6967655
-2798492
3602010
-3231625
3897575
-2896545
9986862
-3410581
-6479943
7134751
6907519
9931800
-4727032
-8159173
-5039125
-8071013
4056927
-740781
-155694
112620
-4798729
-359455
5489994
-8589443
7419736
-168337
5499973
-4560256
-5348493
5897254
8603253
-1355019
6903035
-3469554
-2908257
-7846928
-8758316
9394605
8754726
5589044
-3419387
-4494090
-5857959
1138322
-8381782
-5191426
765445
4067324
-4166846
-3011227
-4806866
-5582940
9569663
-4725913
-8088609
1305717
9639647
1624834
-461175
4655627
1847382
937290
-5644326
8492779
-4717349
-6097204
-9897288
2718144
2718799
6979789
2388131
3243678
-9029292
-6534575
-3918661
2416513
8997215
-1343222
122993
5586145
449289
-6257199
3282835
-3075675
8199839
8983680
-9172225
-8450335
-3334179
-3642040
-3454884
4096015
-129414
8008018
-9236304
-6200642
5297522
5997306
-9580325
1088735
-8096511
2029142
-6126250
550902
8020272
-1815258
-8728104
-5684019
-9278508
6612472
5883617
-7351800
-8612658
-9838181
-1752998
-2456216
4568166
12817
-4320602
-2018557
-5015350
-3999202
7082334
8971701
7367740
-4998790
-5648340
-4370686
-2824501
-6077898
-6941893
4155948
-7613307
9886032
-2463558
-4710794
-8772987
-6035358
2638111
-8138062
-4353493
9121856
4663040
3944978
4732970
6422500
2107773
5683294
2958984
2266179
-797879
8005315
3265314
-2492901
4406581
6577747
-8130842
5196980
-8404907
6026700
-6260606
-4341382
-7830015
-9835993
374072
-1330396
2611281
-7517321
936762
4970160
323787
4836943
8210394
108920
970146
9492954
-9274288
4268267
8592170
-6525698
-6275744
2967513
1931935
-9288184
8205777
7408063
-4328334
-3975737
8170759
6267121
-8705629
4814113
-6030084
626770
3188174
-1466146
-3583190
-3167190
-4034892
-7279547
-4532777
-6541155
8434442
7860999
2735120
-7964133
-2029222
8080342
34923
7781200
5048084
9417587
-8292549
-2022064
-7928466
7429884
-8242270
-2560141
-9715093
-5443222
5990209
-7979723
-8500444
-6367686
-468116
1404385
-5244470
1668280
-7790099
8001174
-5874567
8501898
-6519418
3905266
-9559658
7985337
752407
5615727
-9127661
792503
-3861607
3494815
-7656307
542714
-6702787
-7644099
-5590337
3263837
1768812
1901303
-1248828
-1622735
1460153
-7537623
2580425
7757416
-9402542
-5409529
-884003
-193300
-660927
-4197440
7740805
-2380222
-6959586
-8580486
-8636950
8842401
595480
3253241
7840959
835526
6508415
3810128
2563854
-5668847
-5995059
-3096187
7000311
5630942
5371477
-9337658
8980798
5036772
-9476213
5076104
-5142797
2757774
2911875
-7135032
-7054472
2102565
-7294838
-9050222
-1345500
4687197
-2022976
-7211232
-7975760
6699160
-9621384
-5090937
1229387
-6568380
-4935546
-483820
7931045
-8927656
-5510197
-6913925
3209701
8599456
1878065
-3713767
7030936
2766394
-9716977
1578538
7287390
-3644771
5683437
8520325
-7872411
855849
-8750549
-6640249
-845074
4004922
-2985026
-9135545
9248593
-7214721
8596994
5694501
-4543908
5298380
9362052
6741907
-9854882
-5866161
5977045
-2935423
8437875
4334832
-9873644
-5530554
2700241
-9616591
-1764944
3163196
-7544551
-378456
-2952872
9351635
-1783263
8272228
6826332
-9316590
-484033
5992750
1204318
799041
3819365
7840258
-2470234
5971578
-1247221
1591007
-9715136
1115515
-8986402
4472433
731784
4547569
-6154794
-6913353
7720542
-5833472
-1343815
4637968
-9050043
-9827892
-5189819
-5944676
-8810701
8684227
130554
-5577795
1017546
-1431415
9416002
-9043054
-8841590
582512
8577174
5161830
-4745718
9860646
-5083546
-8685710
3219563
-9514023
-3680092
-2892860
3270141
573237
-9887888
5886542
9514888
-916051
-5984639
7598418
-7535830
1896967
-7897664
-8953672
-9686549
3527425
-881908
-4590516
272345
-5417316
-1696525
-3796274
7708645
566743
-8697432
-6582981
4653136
-2910656
-3196532
-4449077
-8001202
-8445061
-9602760
5665947
4745288
7890430
3035458
-8532396
-9167227
-3151600
3912183
4442650
-3169209
4690239
-2276447
-5474378
1613448
5142506
-4694528
-8230155
-7018237
772317
-1808816
2854490
5285849
-2875021
-2686723
-9000134
2901731
-7406748
2733518
9225231
-6925215
-5558851
-1228186
2171615
-1124634
5800249
-9047432
1907333
-9092693
-8426126
-3516620
-1499256
4858905
-9210318
-8273668
-1184199
6738667
-4938856
-1033652
-1842414
9964078
3388497
33256
-2591844
-8699710
7027208
-9565169
7459220
-1674941
9488188
189144
-1204980
40556
-1104820
57552
-3836485
1392363
-4898541
-7132999
5389230
1807784
-1609682
5565610
7254278
2523951
9017675
-4433335
-5441512
1860959
-6218420
-3302013
9913593
-7438112
1196916
-3878562
-2825963
-2983851
4379749
-3256952
-6354974
3701768
1858845
-7947220
-4593176
-760718
-9564325
-8911596
-4712899
-1366228
-4979340
-271489
7655133
-9583043
-3203686
-5237088
2970447
3584616
4321216
1662498
5821593
7991406
-3514219
2967280
-8749370
4132021
-6327745
-5354579
-2149989
-5750484
3495996
7114242
-1940673
-9460979
7133384
5763204
9308898
-9378489
-8755629
-291120
-8837521
-5772256
3894643
-74633
3694860
-2981003
5796113
6830132
2650723
8673377
-2676550
-9296026
6356831
9886775
9598837
-9021809
9773098
5917138
-953286
-2394495
-9765030
-7769624
7710628
-6845661
918029
-6622855
8409418
696423
-4339777
5650567
-3825075
2143962
2844269
-8309736
-6661528
-1110186
-2333523
6991236
-7625158
2065117
1246961
7694602
-6010382
-8325123
3260081
1555465
1215117
-2321453
1904496
-6455746
5550289
-8607087
3202587
-3675552
-9704400
8180903
2854821
6840674
7615537
-9654298
4748925
1160962
-2246137
1638034
-8614502
8278434
2936697
2982758
1667408
3236493
-9674677
4303346
920409
-5112504
-318016
-3040258
-6117885
8499701
-66474
8811924
-5478189
1223599
-7332445
-5964631
2082355
3935498
8816311
-1858843
9629419
-619804
-4231890
3927990
-2939839
3123000
-4882743
-5280654
-1036670
-6568595
7643521
1929010
-9872868
-1676963
7366582
-6161724
2249640
6973385
9798322
5988917
-8248191
448921
-6145197
1947421
-3602075
1166222
6129724
5602630
6920695
-4669995
2214583
6596870
4290461
1744324
-2049967
-4677641
5844451
6666319
-5942404
9491153
4346880
8924153
4252824
-5253617
-7815389
8457170
-9616954
8845303
-4507924
-3020153
-8213730
-6383879
2695393
-5930710
-8218029
5552313
-1450978
-6368940
7194060
-8540891
-1436449
4609973
5741243
-4460901
-7036865
-3889974
7542442
-3848718
6880042
-3931815
-8052092
-5681053
-282871
-3161975
1195381
-3613706
2691474
7702925
3979656
6349888
3343587
2993554
-1640240
7853621
4504709
-4418483
9949454
8952942
-8985042
-229102
5419233
6854253
4628165
-433219
-4019783
2601029
-7324862
-310769
3128133
965134
4263912
-7608887
-1484550
-6770730
-5939505
8138491
-8494219
-8295653
5139310
8070104
-8194809
-7679491
-1300192
3175503
-5807497
-569251
2004086
-2932639
5313062
8230559
-7999963
-2746291
8218471
-825332
2608787
-7575658
8609786
4317638
8868117
-3048845
601100
7342050
6423813
-7565644
-6985779
-8206568
-110394
-4340341
-7162602
-8774651
-8879001
5630118
5849541
760300
-6375921
-3151172
-4789693
-7042511
-8869037
-4143645
9572452
4074974
6166474
7087045
2858904
-8036506
-637690
-6623484
-7590514
-8959093
397797
6669901
7551566
-3853092
9486286
6711211
8841600
8120778
5275366
-8328084
-8938322
-6987889
-3142441
-8569029
92320
-5834173
7246984
9164753
6166898
1449312
7021133
-5727999
9680575
1470251
3749490
2533089
7785957
3625108
4619847
3917906
-6938364
3838275
2304928
7233650
-737227
3790981
-7453452
-3028132
-5504897
-3311877
-4293467
7951163
-7988850
-4863262
-7083079
-4612891
-35369
-4479539
-7906682
1333227
7088204
-7699626
5500121
688008
-6826890
-5420208
-4295129
4363776
7911667
9723272
-9000648
1748854
-8600267
-7760868
1870511
741069
-4313073
-2335934
3647271
-4327441
1478483
-8803884
9538470
3718579
3992940
6254383
3202137
9815512
-1784557
2218210
6580823
-4400031
604267
9801916
-9640008
2035468
7089043
7947166
-3733939
-6794256
5602207
-3070149
-6955761
-3367195
1639247
4555596
-2466333
5223501
-5994682
3581922
-8618947
766689
7107728
6563116
8362305
-5479263
28180
1015233
4941032
3734333
-2863007
9732992
1763066
2727153
2494893
3107776
3607937
6337894
-9750557
3288007
-1172389
6387209
284159
-185476
-9799528
9985273
7485604
197329
-2125571
-4830809
8111998
708354
-9700132
7713558
-7592491
-1808391
-5558561
-9745952
-7833908
-4681473
7769928
4222846
-813503
-9610610
2455936
8784056
5841237
-6561799
1909218
5729848
-4157756
6086154
2412672
-2383064
9931320
7840970
-848978
-2231184
9182715
3831068
2208930
-9426933
-7243845
-3390685
-2697040
-5613139
5321432
9564669
1152210
-9935123
3281227
-8621943
9517519
-4224577
7851543
-9874316
1363387
-3212118
7691313
-789826
-2479483
-7327517
-2047467
-1480437
-9419972
-7248780
-7986207
9454347
-8191113
-5297159
4903357
-8237018
9532517
-9017900
-493028
4326458
-6791907
4895904
7212758
2632711
-9550618
1008331
8230438
-5684337
5790261
-5307425
1509546
-3410700
5339616
-4161388
-7092860
7800713
877949
9572421
9668171
-6299369
3279400
-8787660
-2143099
-512278
-4465267
-7527124
8786023
6610638
-5655745
6217954
5855437
-2944269
-7412536
9170251
-6061719
8728407
-4785316
-1284233
2814476
-5955983
5347094
-5095564
6027693
-6864049
-4243711
616361
-6039899
-713295
502023
-7888836
-6423351
-7437488
-4898379
505963
648264
-7198000
-7900682
-8979235
3289380
-9240171
-8921674
-1905794
4977227
1367689
8614979
-6022795
6691600
-9291899
8053684
2926828
1406207
-2242523
1992788
-826188
-4372464
7605688
-8298098
1196809
-5968774
-896849
4329472
1324294
3674118
-2588189
-9072193
5580010
2354877
-7444473
-4090228
2533477
4089016
-9303568
-1905151
-26658
-4772460
-8654262
3797603
-2389946
5745460
-9282831
5159947
-4665892
-5697454
7938405
-8925652
-9014760
-6193962
2248878
6961182
7200626
-4892995
48955
4518544
8839837
5339060
9157131
7254725
-2652003
6872005
-6468927
3142319
9005161
-5757210
-2270998
-1160082
8667654
7274581
-8483043
4401915
-6737236
2847474
7357526
853843
-3580804
4310035
-7139714
-2795555
-3778614
-8602595
7085418
-8693277
-9646852
-3193842
-4424844
-6687345
-9655086
-2164428
4094870
749971
2866992
3011272
-88275
1014004
5178932
-4001541
-178680
9155528
-5824036
1103403
-195359
5021960
2998600
-405189
756136
2698675
446037
-7907607
-3128417
6576666
6636154
-641542
-2194233
-234979
8689733
-3479951
-6174672
-9906001
-3343405
-3441437
-950188
2217564
-4686133
4946849
7131174
-52644
6348390
-9995871
9598395
2334915
-5375088
9157163
-3482483
2669591
4913554
7271917
3500743
-3685371
7087299
-9225526
6100991
7817374
-2756813
-4967798
5928735
-5205215
6888043
4198181
6334636
312942
-4438264
-2151480
6383394
-8548370
-4235990
-1928226
-9530015
-2016412
-3851328
8246367
953586
-936196
-4504335
9325860
2793431
608808
8132925
3026617
-2472528
4515991
5689279
-4229605
-1926682
807252
-9667102
2650482
8776602
-7263928
-6328139
1185451
-2171734
-2765581
-8599617
-804013
8388010
-1627658
8650981
2412826
8960239
-5038254
-1452817
3263112
4326772
2600671
-7969363
-48425
8896478
6805566
9687359
-3674449
6303450
9709126
-5716212
-8815496
-6045811
-6728528
-1211973
-6210110
3228465
-3042360
9309899
1043963
-7456522
-9347266
7562613
-8021422
-504201
1749248
5830436
7031902
-8237507
-6767315
-841486
-253542
-9388116
1360202
-4647542
9731298
-9493614
5876229
-448208
-8973995
6038105
-3690285
4694202
-2032861
8443375
3596195
-8795792
7829380
6426504
-2900353
93248
682308
7981260
-3954566
-3440575
-2026053
4453481
-5300951
134883
-1819617
8339908
3133153
-2119508
-6556470
8195941
-7008913
-9314250
9132015
3958965
1971861
-768271
-9611476
-3657299
766393
-5684816
3883839
-1356741
-8952071
4725463
-8896106
-2032980
6354928
-5280620
-6720525
-9215223
2017242
8011474
1362384
-1755021
7596261
1332167
7667584
9747598
-9848668
4657509
-441832
-6887412
-6521966
-7074011
-4190740
-375258
6884662
9899308
-7203274
-8863718
3995312
1724494
5994721
9236407
4764025
-457580
-7690246
2931547
5276592
5233655
9654442
-4640416
9328041
-9831915
7134416
-9602159
6452370
2405440
2766400
-3832631
6132393
-6570442
8967877
7417484
8787977
8351640
6823996
3873873
8014498
-8479840
-1852788
-1312752
3448821
396071
-8244785
-9923574
-5422985
-2652137
-5506947
-4845309
-3661137
-6803479
-8181748
9048573
-6169056
3666419
-2203450
-7698349
-9899064
-8637885
-3858511
9645687
5262844
-6318103
8111866
501654
2889128
-9179244
8659960
-7315658
-949630
-7473940
9841404
-9188724
-8002555
-9729057
4389207
1478250
-8186765
3097177
-6747080
-3783336
-6901379
-2723276
7229595
8205300
2991070
6938
3653143
9553645
-3971044
554011
-2791747
5711335
5200774
-3469091
6114136
9964158
-6356374
756101
7085796
4146965
-4789719
-6581011
-626626
6540031
3548058
-9331746
-9388856
-6964867
-7584272
7099746
353978
-8787382
-2164167
-8744992
1645211
2170941
6957206
-9603943
-8033692
-2726245
5303112
-6637186
-1809409
-5094893
786294
-5559110
9759057
1679633
3496704
4844866
-6707938
-1995455
3795633
6456764
-6069488
6336055
-5141844
7997222
-1665124
-2266237
7886040
-392831
-5707543
-6357697
6383469
3944434
-4962485
-5547802
-9542815
654163
-4397556
-9083438
293886
3027575
3186853
-5885800
5400271
-2815040
-4194774
114977
9934962
9794700
9256421
435579
8059359
-4127369
851365
-7915212
7433824
-7773408
5270088
-2019495
2771732
1605340
-3173645
8034810
6548921
8940490
5461330
-4618093
-6590446
-3367338
-6444916
6155196
-4987200
-1295461
8731726
8728124
6188339
-6113910
-3863772
9237133
-5704344
-6087323
-7166805
-7782390
2128125
-6468305
-8275732
3376861
7464058
-1112792
1696720
848420
5149465
-9607599
-944830
4628925
7032362
9449398
8640641
-6800800
1765770
-852497
-751101
-7811613
-2847918
-1152478
-6188429
-7546194
9016762
-691503
-3840986
-5059069
-345046
6493481
6912087
5240451
986619
3775433
-273318
-6448359
-2818658
-9727362
6583806
-8554049
2211829
-9346951
-9166266
5937208
3759976
-6820717
338149
-4076840
-8038046
-510358
-8612245
6237479
-5613898
-9968453
6381078
-1696199
5594351
9478721
959711
-5971682
-3363777
1191964
-7328755
-6453641
9602874
-7184572
-4041615
-4289380
-8660881
5280718
-7344414
-324696
-1612596
981815
7662904
9994641
915642
4388592
-3077022
601307
4933138
-3185109
4077940
-9648866
205091
-3453514
-101531
5371054
3540838
2332656
8759806
7174245
5688032
-4895554
-9402155
2558041
-5787161
3383839
-3793870
-6277567
-968246
-8624490
-8406350
-9569696
-8667734
-4841358
-7242669
-3020314
-1133678
8739530
-8061349
8723753
6673660
7842174
-2418383
9794965
-5867574
3319781
-5191121
9675493
9954946
-9931356
-5705676
-3217597
-3613430
-7760867
4110409
-1687952
-2720444
5584219
3161228
4737136
6248892
8860637
6164481
8120549
-8696418
-1880692
307862
7298267
5762038
-9660320
-9378817
-4124612
-6245505
7085880
1608526
-4124013
-4063842
-5472853
-2416831
-8558834
-9291590
-5441219
6122882
-5529394
-4358417
5743303
-669925
5779260
-6106353
6863411
-9536134
-1421519
5538767
-6891205
4708438
5983092
3609640
8586499
5250594
-2554804
7750069
-2839620
7649615
8440041
-4068473
-1151010
4040789
4441734
-1711964
7273057
-3563204
-304897
-6240547
-4038591
9402756
-556355
867740
4800995
6051078
9375682
6041650
7514836
-4878005
1677860
7319745
8607901
1248960
2842750
-2385859
-5449626
3819067
-7254719
3070954
6630804
-7699710
-3366669
-9948081
7599027
-713494
-3480645
-3380010
470476
6064552
-4896877
9388121
3149371
413571
-6702620
-50119
971177
5902312
-9792381
3321640
3456694
4079372
8080276
-6654565
4940068
-2688527
9106264
-758583
7944005
-4042503
9312111
-2948538
-70336
2744678
9086226
-772814
4987327
1529597
3678179
7998047
2626802
4136879
-5812539
-9165069
-5343826
3797283
-5676751
-3882823
5901709
4014179
477026
-7922805
8421167
5288679
-8149356
6327048
8704048
-8069417
-3794043
6820233
-8280534
3495914
-3907811
7693058
3463237
5784914
3342456
8502262
2946874
816332
-4598250
-3817569
5602490
-4814402
-6600834
-8430877
2196105
8070635
6543696
-9881180
5622167
-1761313
-7752548
-2705445
-6713794
-7593355
7636449
2707502
8146513
-8305215
-8628001
-7976840
-6083561
115559
7543971
-5082628
-2336904
3060354
6254325
5355871
5783675
-475553
-4790158
-6463788
2047898
7550955
9785084
-7461311
8091337
1838139
6533112
2294983
7385928
1573096
-5352092
-2485484
5051567
827330
4913219
-1035079
-9173244
-1587738
-5567072
-2562855
6312016
3493276
9040386
8949114
-5446212
-2135075
3411249
-9163523
1969693
-5579308
-2069626
-6110259
8641720
5550560
-1854978
-7726344
-6958970
2328321
-9699696
-1564399
4200288
4859134
1974393
-3391220
-6455055
-4272671
4215042
-3502189
5541883
5568679
1726609
2124160
-3090803
-8006374
-8332801
8175719
-1265076
267210
-1321122
-1453990
7732781
9088049
6432067
2218478
-4979849
-4148269
-8672041
8402553
9345125
-1132206
4063054
357170
-4587087
5815665
-7820265
4899173
3141329
-4196723
6618486
-6008989
-1100986
2096702
5194567
-7190605
-5671292
5859586
-9529799
-6361091
-4812445
716388
-846197
573358
2545432
-9332013
-1221913
9020413
-3564577
2704739
6659756
-6707466
-8547014
-3251785
9871348
-4327761
-2379517
-5435380
4996923
9468682
3953167
-5915445
3369046
1854408
-9560210
-3970335
-1476331
8486475
9667622
-4997819
-3489349
-2536439
3464153
-569616
-3497446
-9665271
6614207
9244346
-6041600
4459297
422555
-9344787
3472618
-6111470
-2228312
-9497193
2579195
-8104604
-4858780
1564743
-604972
4557533
6245943
9099733
-4173584
9614153
6456936
7469797
700848
-1861420
2158362
-6072457
4333758
-8941633
6902325
-463396
-6464511
3818367
-9075283
-7331931
2580237
9419649
8523425
896532
2501853
3462735
-9016068
6910160
-8699990
-2140766
-4887754
-3682328
4732813
7451729
7388787
5907849
-3366836
-4833937
-678286
-1711733
5428158
-4356663
8474361
-907408
8599217
4957453
-5200591
8493997
67620
1945194
-9669378
5913022
4669281
-4260061
4938278
-899914
-7580497
5355287
1386916
-5077961
24797
8097556
-2124926
5118721
-158299
178160
-5706686
-7513254
3500725
-6368792
-5157173
-2506637
-3245561
9463702
6427990
4390307
-3760175
4459005
-2995534
-8252325
9807224
2805812
-5553398
-2794002
9744854
-3542854
8500402
1543123
-4058181
-1808671
-9943710
-180051
-4147316
9508723
-4086117
6495765
-435258
6426512
3407389
2559731
7428336
-5370515
5603475
-7547914
-6346892
5346230
5183089
2545420
-2071787
-6940681
2352813
-2523020
-4838594
1990601
-7639416
9074188
-1589787
6236759
-5259431
7656005
-2917827
1522116
3163605
4427898
-8950458
5257196
4162230
-2346807
-1157897
7072863
-1490812
7492142
-2455799
96464
-1477497
8472733
5878496
-7633080
-8957915
8855157
4641184
9675561
8807951
894886
-5073123
-5753976
454447
-9952728
-4598059
6671081
7938499
8826255
8360954
-7311129
5004854
7520222
-2019723
6459383
6104715
8021817
-736775
-922728
5512282
1099245
-9064246
-912313
-766953
2605559
-2701882
-3084870
6406297
-9946952
-6632883
9246183
6886141
7261531
205534
863289
9006071
4782831
-9903733
-2964067
-4206206
-9770995
-776336
-2719760
-3876234
-6642207
1561479
1018827
-2307528
-2573888
2325098
-3305875
911896
6695878
2577131
-637881
-7483910
9435762
8086855
-4167097
2913927
4440263
-7271546
-2504614
-1761088
-9355746
-2854795
6887544
-8267107
-9650845
1671358
-1787355
6814531
3952181
1469520
710490
-7887357
1010614
9123371
-4136348
1684306
-130751
-5635243
8690250
-9911593
-7001647
3146867
289915
-7945130
-5241033
-4933454
-7364217
-8515217
-5571825
8417966
8002366
534136
6899728
-8724
-696312
6122451
-6475388
3568119
9825659
-2126625
-1384740
-3115351
3956816
8738389
-8131483
4472895
-150700
4411500
5296453
7463604
1479783
-1123803
-3178958
-8147647
-6445838
1406965
9362957
-3483783
-6146899
2074215
-4891050
-8261018
9665199
-4013410
3893441
3166778
-9488036
8579469
-9198650
-901827
2773973
-5250663
4828310
-3849086
7803159
-7524128
7634788
9493317
4391134
6531598
-5813376
3082599
47979
4315331
4550453
3807813
-9446528
-9944721
-6275591
-3851160
-3140291
-4384139
4169091
9415913
-5198154
-7025677
-1652667
7111482
7899678
1857526
4989789
-7165063
-5555896
-5642801
7583225
-929138
-8867159
-3088622
4200499
7893129
-336386
4278024
3429031
1426083
7139447
-6962869
-4551899
8235566
147418
-4623897
7101716
-4226735
4552304
-4038931
-2496875
-9495236
-2811014
-7514693
1457486
-7472340
-9054574
-9481141
9976722
4885639
1235089
2223334
6126976
9003700
7747543
2002964
-4255772
-8926191
2699363
9872945
1597260
4619094
-3854578
-2892865
-1140515
2330105
-4961660
9529863
5167810
6592361
2099792
-2893235
2549706
4762673
1684363
6485785
-300505
-4298442
-946498
-2131214
6824007
3751541
200252
1109262
-5804092
-1181864
5604659
-6184619
-4615381
7115668
-5395133
3028601
3517597
-6549731
4415636
2824214
-378876
764664
7733260
-6337432
8188573
-2890713
5816098
7095967
7536385
-6582290
-4576916
-9044097
2893232
-4606156
5787474
9756810
-5579870
1345188
-682458
1020438
-9273310
6418559
-184999
5343989
-2084238
861610
4825411
-8875985
-6807022
3515709
3341349
3383279
-2131411
-9566980
-3261019
-7528414
-6411511
-9998757
5770093
1497053
-3861353
-3599817
-325135
-7506862
2888094
-2929300
149681
-5855004
-417174
-3508947
-2746803
-5250280
2783496
-5957125
-2134290
-1410481
4563476
-1374550
-5817507
-8559811
-9557907
-1066541
5426592
5855216
6914866
-2659740
-9037559
-7416618
3826183
-756670
506849
7177203
5717780
1002736
-3604617
8413484
5303245
-9791287
601288
-2728111
2908885
-2653513
7006569
-1272856
9708237
3379257
6960919
7821516
-2393903
8526
4377875
8567284
-7238700
1015484
-7306209
-5471690
2345615
-8561697
3537663
-5430246
3007307
3112801
4827750
9595020
45515
-5856414
7627717
-1725870
8955700
9387365
4705219
-2554942
3079122
-3832862
-6745994
7575187
5895505
-254026
6473043
-7759792
241311
5967601
-5173327
9429140
-4768733
6469583
9736871
-4956011
3938974
3061789
-9762589
1939151
-7742535
-840309
9349906
-3421263
8313937
2772769
-9515582
-5405290
-2558987
-3647409
4684318
-345496
8578087
-7970934
-2075025
-7006830
-1830169
8401837
8956592
7289479
-1120803
8871770
9619908
-7477773
-6827142
-5930316
-8098693
5007474
8985492
6866159
3555015
-880956
-6168767
-6443924
6838367
-3619086
9377850
-8352475
-9188750
-1193556
-4779345
4776676
-6652564
7242997
2854529
4930712
-9341694
-2513185
4024569
-9325377
8168057
-9845407
-114669
-3018640
991717
-452958
3156215
924238
-6632337
6910500
9853645
-7938045
7840152
-4933263
3982456
-8873241
6675973
5986379
1302540
-7333777
9939666
-4607845
2339929
4210066
-7064459
8778854
-6941854
-4118271
5061505
3274212
-3219013
4915251
1409627
7521255
-5192117
2227420
2108555
2358500
-9949161
1275976
-367800
2796413
-1021627
-5043684
-9250363
-619164
-5234146
218127
-7730780
-3033514
-7383655
3221606
-5174337
-7389401
-7613465
5657637
6689101
6762998
-3684361
-675706
4671991
9093191
-1417765
1650695
3394392
6693269
-5062766
-9471203
-4423307
-9668014
-6432366
4701515
-9799781
-1532444
9466532
4663036
-168030
7351668
-5400889
9948015
4501367
1248051
-8624294
-7822713
9303488
-1702625
1859033
5821273
-7634485
-9606665
793464
-279711
-3028900
-8839703
-2171346
-6632447
-6604753
8646714
7715423
-6850748
-2703079
4296642
-817881
276125
-5018150
-8473606
-8500566
-5178492
-4657425
-7485989
193730
7453255
-381616
-3899886
428301
-9225551
-2565237
-7426403
9069466
-5309725
9402204
8254432
4542449
-7060835
8104951
2697046
8621292
5461241
-8083939
645692
-4063722
1314613
-2149830
372082
-7133260
6080249
9143191
4282538
-9468588
-5995925
5571250
-4914839
-6496042
-8397517
-3470540
-3211471
5057308
-7256364
-8211246
-3596688
-2036225
3180771
1979931
8566392
7910383
-5227469
-4854872
846626
-4318477
3570754
-2893601
6866358
2603961
9940099
-7872556
3032583
-233781
-2371438
9707372
2632366
-7741255
-4213923
8739865
2662937
-1027418
8706139
-3236373
-8589969
8982955
-5700441
9864380
4833081
298672
9772024
3786192
-5530906
-4616123
-2977951
-7717208
6632659
-2759641
-8676793
-301400
-2697159
5139237
-2775868
5851551
2922271
2734162
2807343
-4355713
9116359
3674161
597558
-2162373
-1252788
8288575
-3770987
9046151
1980972
-1062132
-2578742
-6887052
-457541
5967980
-5122634
-2912811
-5443885
-119246
-6432181
7898344
371676
-7945449
-9729833
4797027
4286335
1476884
-1128368
-8301728
2947934
4363048
-3426301
-6345201
1870291
-4429885
3003452
-7629134
9165003
5794737
-6433878
-3548413
-6230166
-6129055
6943608
-5933030
-3655351
-9682970
-5554830
-8580235
7642962
-6042051
-2097676
-1628907
-7782795
-6882019
7101019
2762487
7248307
-2513815
8631850
-9647115
837780
-7455453
4820582
940483
6942132
-598473
2690413
-7224467
8852856
-1376975
9925323
-3704704
2923337
5355619
-9641842
-4610233
-9071722
-7333060
-8531674
-8855998
9350402
9472750
2773586
8323605
3104412
1325667
3856998
-26051
-2615332
-5655573
6441860
-617820
-3251111
8376180
8074518
-9821111
-623830
-3044664
2659260
-4665572
7784754
8621769
-5818541
7022134
5538314
6231690
264991
9243980
8724367
5026605
-9594185
2001517
-6895565
4230206
-7881060
-1928967
-7253593
9854839
-8671471
9783706
2801862
6265375
-9143161
-2031912
332146
48801
-7777139
-2346796
7049963
-8512205
-8109758
-886877
-5730276
-7263238
5869158
3342188
-6038523
-260068
8206944
3988060
-8624785
3555642
-8973065
5900113
6473492
3894766
-4431294
-9387945
6259576
-3757508
-4088181
7703433
-1714755
-6925499
4800713
2093503
9334615
-9415047
4380728
-9455204
-2801111
-6522342
-6263956
9257344
3954332
-1677767
-4541228
-9478365
1816507
8726976
3520142
-8054881
9540855
-1706616
8570061
-4343698
-349942
2200888
-8944937
-5651753
-6317220
9242122
-5229393
-9287906
-4980027
2496708
-4089180
56332
4198963
757743
-5759719
3852286
7893124
3575599
-3352751
4286567
709317
-6403256
7387586
-9350237
2585244
8440618
-3509651
9554742
-9667122
1789443
1102374
8852077
8121591
4658615
-1890819
-9989942
-3549608
9774868
-8482259
-450273
-7178054
5475168
-2120209
2297995
-7428635
4496026
1780631
31743
-8085256
1732975
-5835398
-8049988
8879528
3932295
-9976668
-2136598
1038697
8237625
-7844334
-6752314
7961795
-5124193
4657476
2500578
5241796
-4090255
1678970
-4547048
-4509723
-3549773
-826214
1664678
5709030
-4573107
3996359
-6088933
-8441860
6018586
-2929642
-7143902
8810581
-8930097
1417830
4869133
1852835
-2477898
9563544
7309755
5175442
7312887
968635
8760084
8076528
-5113856
6444889
3370280
-7614165
-8555522
391088
-1923200
3607316
-7507368
-5324885
9040025
-3541970
-557560
-4394629
-7996638
9314637
-8964595
6581288
9923666
9526177
-8333175
2274738
-3907525
3781765
-8065749
8008393
743083
2806808
7934729
-924078
4008111
-5904985
-6562306
1391710
-592173
7971579
6851741
523307
-9736834
6232478
-7191372
-524623
3829518
-6053392
-9706283
9852837
8013664
-3684842
-4024419
-5913880
8847846
-9644897
-5396605
-5618862
467090
8615811
-1146367
1436557
-9447921
6048485
1263130
7878391
-5643132
7148197
-3381494
-8852182
-7185940
9861968
3232084
4080030
2330653
-1117039
-5682408
7708381
593340
-1642734
-939326
5178844
-3998089
-8271827
-2130686
5188987
1016369
2799796
8780721
2442450
-1676681
-7137998
4985686
-7584576
-2492119
-3907599
-9760896
-7821938
-332175
6111543
-4152850
-9403207
-4990302
782885
7439830
-6503415
6057966
1667440
8107419
8757627
7612094
3185645
3118253
3477026
5014933
3196757
-6641581
6730333
9712346
-1434281
-7038733
-3177085
5919903
-8477183
2968363
7946688
-1766340
309374
-7923418
-4992870
8572176
8935538
5039320
-7250626
4456096
-4830599
7969588
-4027661
2953968
8563549
4394856
4872233
-6364484
-9252918
-66821
2884410
-429324
-1728609
4443504
-2607486
6892922
-8710280
-6969082
-1654567
1477156
5604369
-761701
-4698426
43341
176532
2335332
-5993803
-9420462
8169474
-1489671
-1949664
-5565182
7439589
5000391
-4435676
4544441
-6749954
-6898762
8224480
1734394
5687886
-9810680
9626383
5686256
-6472792
-9094520
9406708
1424346
-7796510
6383164
-1113740
6988099
3044411
7098998
-2610588
498973
4891118
6639406
5438005
8641262
8658464
4922730
4150450
6994707
-3557226
1213886
-158702
-7646416
7348595
-3159708
-9682909
2516927
9400598
8272375
306338
6529078
7840799
4967637
-8515816
-4524533
-7494169
-1330305
5768927
-7907395
-4924671
819635
8577179
8100564
3801148
-4354915
1417099
665455
6751653
-4489751
4617542
-6378906
9224272
-8652492
2184773
2081875
-6797353
-4312263
3732552
-3967604
-251315
-9917393
9648300
1901959
-8162458
-3533353
8919601
-6711315
-5565309
-3241417
-6106438
6776836
-4279568
9850115
-8535280
3589855
-8573137
4403294
721894
-5283161
-8052165
5897410
-9057991
3911851
6470831
-9558037
1051711
-7730353
-2063974
-8031555
1747820
8174686
-5356711
1162898
3700972
-2773213
7917989
-1364436
1226225
5315079
200747
-4573270
-9316678
-3988681
8095760
-2311660
337511
-4683086
2448136
-8128002
2036987
-8895068
-2922103
-1267680
8283279
6707987
-4697109
99486
9390167
2303320
8546451
-9820873
4745640
521132
6253536
9907988
4394204
-2162113
-8337420
2138308
6273042
6866825
4012366
-2249403
9892697
1396663
-5129430
-9076160
3030301
-3756602
1507820
2762458
852311
9749427
-1786428
-1459374
-8606973
413327
771202
8956745
-5063516
6578971
9367106
-6783148
-6059252
2230125
9618944
1668782
-8084963
8415645
-2289875
6125859
6168404
-9699987
2013163
-5133031
-8191016
1451945
8747289
-3791684
-9953014
-5699542
-5194414
9772027
-2225173
3074509
-4372414
6052458
2600495
-9468276
9678818
-3632955
727959
6191164
-8152366
-8961367
-5060791
7671017
-7594579
-6076837
-2834741
-6656068
9302102
-1742170
-4447209
9650080
-1953182
-7073224
-7958389
6573948
-1643299
-9042500
-9536483
8525662
3293719
1554929
-4259196
-1291402
6257328
-7431881
4986583
2086109
482019
-2431016
-7134097
3177997
-623555
7356378
3542004
-3168536
3668205
-1000109
6194957
-5434702
-1878004
6138966
2603793
-1938975
-1451836
881105
6862856
-3692288
841841
3281752
-2321710
-6927569
-5788074
2370883
-7881371
-7665905
-3418630
-821548
2425799
8502967
-2647136
-5458505
-564736
-7797794
-1363470
409940
9831440
2685857
-5867382
-9798046
9940771
-2418209
-4751166
6265006
-4785600
4984155
-1010007
7849492
6312223
4641940
-9095938
-2954929
-5880567
-5212230
4665171
9766214
4617696
6613717
-4858480
-8426969
8426363
9772023
3756813
7924410
6395942
3363869
-6491663
6349914
750498
861327
-1933828
5995855
-7557214
3304934
9127675
1575750
-349988
9387575
3405894
-2402578
-6112386
-6332395
2972279
1576149
-6241782
-5489161
-2369175
-3998420
-5762192
6022139
4207479
-3551023
-4760040
-2147173
9570249
7970563
1471709
7427698
-4219197
877095
-655221
8291083
7791828
-2644506
2146371
-9249420
-471263
6013206
7974991
2960690
7428058
-9161132
-9194705
-2532076
6376541
3077781
-8780240
-2136989
6859706
5287048
4417101
-33285
3016705
399919
-6328109
-7227039
-8548173
-8964014
6234076
6655126
700421
2489254
4468367
6488154
-958720
6501859
3881105
4646551
-7563508
-6107965
-5965873
-531182
5318907
5634552
8146027
6411068
-2266441
-8046041
3595811
-7710621
9337092
-5536900
3148111
2477328
-6050675
1456928
-3871203
-1046614
-3380641
-8214570
-8567666
6456301
-4094303
-530727
4909577
6050171
8874057
-5052448
-1363216
-7441751
-2264086
-3062975
222374
6275388
-5806748
9836827
3380235
-4979300
4999131
3417650
-554427
6973006
6253931
-2946120
1435481
9203580
-3869733
7218747
-9660327
-4956414
-1921753
-9054237
-7889895
2196721
6018382
7344490
-9853711
-780751
4638935
2630515
-8826454
-5729924
-938417
-7825433
-1494112
-923975
-2364472
-7517964
7186399
-3875154
3617521
9524642
-5450301
7783577
9110709
-9288586
8620
-762275
6276822
9972592
-570314
-992920
-700692
5161134
2680373
-2986267
-560566
-3168667
-3673377
4191932
-6671130
9673235
-8845697
-9001325
7868969
-190099
-5514436
-1952182
-248477
8069075
-7304166
-9994983
9878752
6470594
4239870
-5326543
6339670
-1246396
-149426
1332840
4098292
-4315481
-2274485
6623690
5965457
-1980743
-8566657
-3796100
-6830406
-2782600
-7769301
9793780
1583252
-9255808
7641575
-848362
-1167945
-111384
-9494084
4689636
-862903
-1771964
-5729353
-8377944
5891430
-8133917
5771086
-8102035
6255750
-2177644
2599118
-6811648
-9403935
3250201
555857
-1751930
5339823
1275944
-5468385
480154
5229104
6005575
-7509359
8375988
4723110
4300458
-4975328
9388414
-1841861
-8655963
-5300435
956001
6108220
2530398
-8602211
-8411009
-4134380
4471349
-9344519
7637170
3771606
3833584
2976121
2183219
4536210
441151
967451
-8108085
-164756
3782198
-8353437
1448970
7205432
3380380
-3619490
1099943
-7161993
-6856528
-4790789
-2824769
1643886
-9666262
1680698
8051640
-4340757
-6618740
3840532
5452947
-7407676
5991889
-8421082
-7090117
-1246966
8151380
2011952
-4696204
-4601480
9949651
-9288009
-9160334
-6725035
-1643886
3831279
-5269576
-4025121
1741846
-7570386
5910734
-3466410
-2196150
6661771
6992649
1386180
-4700109
9857453
-1789439
-101650
5253053
4934512
7871019
-6724433
3641649
5350132
4457075
2054690
-5858476
3541797
7434929
-5894184
-788727
-6057803
7465472
3814069
-5695246
-3545942
-8482178
-4360913
-5127811
7706041
6434513
-6163817
7872377
2892477
4910004
8358581
-6498742
-1225344
-449890
-1311560
-476911
-6497500
-2389600
7701477
-5616456
-2520829
1216590
1502755
-9383917
7855591
-4167951
1146796
-8179175
8263551
-5533534
-4202427
-1903473
-3183748
7786699
5280217
2394526
8629472
-4249390
-5208768
6183693
-3348915
6031157
-3634305
3813041
2567483
-6205865
-1624498
3019882
-1860159
1532426
-165492
-8225706
597607
-726914
-8540884
-3048456
5450088
1743312
371135
501474
3154036
6600664
74088
9898308
-4814239
-5666670
3696920
-905142
5600117
9106109
-5579384
-4673476
158258
7109133
-872062
-793652
-1931266
-3709432
7697121
-4983125
7256019
1542747
-9319421
-3262312
-8996493
700907
-5601298
4598868
-6943823
1701628
1667962
9287690
2580794
9592259
-4734927
-4993741
-7952285
-8942471
-5040947
8999549
6081665
8834886
-9529222
3346387
8054822
-9180262
-9732733
5280222
8203691
1788285
9259942
6084979
-6997585
6467842
-7307022
496480
-6232545
9110623
7521321
7129038
-5620018
-2478081
-8694990
127052
4758955
1018402
-4734151
-5832690
5306325
1545483
-3832363
612339
2647319
7184202
-4691991
1900698
-3558807
-9609965
6806506
5620683
-3474073
-3011186
3446843
2657968
6325230
-3075845
-8522968
-9391785
5707326
-6538612
-5692030
-4311280
417939
6164074
-5084493
8731246
8956185
-5911099
-1911099
8199519
-7723022
-624355
9355268
6475645
7800320
-6520256
-8198308
-2038173
6506077
-3172127
-7396741
-5700209
-6801420
1064909
-9652766
-1604928
780019
-1359109
8563398
-6628140
5214802
-9178267
6162637
-9500614
5524429
3309384
9886198
3067786
-9806022
-7319545
-6246791
-3258797
7102177
-5152991
6299697
-4036868
1492779
7451748
-3304458
-2372955
4660396
7167206
273955
6829549
-8064363
-792485
-5744003
4597939
6918785
1958342
-8605563
2232444
-1256360
-2246465
-7051403
-2857465
-1876086
4883244
-23402
-309844
4152066
330234
-6420796
-1796914
8025666
3682554
8572911
-3082194
-8793271
-29619
-8927813
-3000299
-9957845
-6825243
-5057509
-4903526
5270394
6761838
6051417
-6222387
4589201
-678597
-9759972
-8124650
-1121123
6979795
-3973914
157319
-4398693
-78710
7140129
6118387
2401453
2468096
-7041760
-7249924
5927297
-4755208
-6358629
4146535
-8393065
-9121926
-5296424
5252815
-4966033
5420632
997417
-1154653
-3202925
-2369107
9441523
-366332
7116772
8421917
-1551737
-441225
-8298984
5589570
-3170045
-8965499
3399724
-5900943
751066
3141847
3842598
5480521
-2447940
-6077512
-6963884
1964639
-5646661
6046302
5200193
2951713
-3707213
-7901636
-8758115
-3947712
1740051
-7962217
-8004159
-3934192
-7315083
4403727
-2594985
1870510
577877
3379069
-9626490
2497556
-130289
-5569818
-1832579
6871770
8425278
193007
2059361
6145401
6761996
-6677228
-4142456
-4073757
381347
-7450126
3430830
-217277
-5408440
-7923285
-6666993
9545665
-5602443
-2741268
-6419187
-4378030
-6666916
-7785822
4134533
-1181049
3778937
7385499
-9650323
-7253811
4379478
6511546
5489732
4531278
9258390
-2286879
-9503878
2295158
-5908691
2381372
-838229
5867562
4304264
-4701666
-6967565
-6535965
-484094
6625718
-6886639
6661441
1689557
-9957269
6301686
-7833503
-8677844
3695140
8865362
5818469
-7030481
-2680715
563297
-7544488
5434261
3962501
693187
1860999
7907569
-2847480
-4708662
5166957
968903
-3824816
-3934304
5710104
9111906
-3842545
-6644486
9195552
-7470390
-7111665
9076057
-7472725
-2541151
-9999884
-6194513
8148820
-3504059
8837101
-1237935
-7975742
4043829
3391433
-8811379
-1330907
-8996508
-4001421
8764009
5132954
5380180
3596404
187310
9123470
-1889011
6327309
-3742524
6909160
-8415969
-6399900
-3236381
-3382111
7612213
-8535887
-687913
-8478374
-1576298
-4018453
-4482408
-1616516
4641411
3132050
4065150
-7296203
9532648
9054989
4626716
2917575
4569417
847119
3240036
-3084354
-9617829
-3404888
5455197
-3255834
3182582
-1685937
3614277
4351651
5660923
-5796453
-2852014
-1352169
-6880152
6926154
5844573
1210728
-5971966
-611368
8308856
5861771
580576
6884264
-7968759
-7497374
-7082163
-4988636
8445667
1548025
8420534
-6930683
4414950
8877485
-907763
7335609
-239405
7686216
-2465711
1359446
5956245
6942716
-4204327
-1775712
-7161371
954914
5411087
2384529
1482341
9510552
2727202
235109
-5974584
-5306812
82560
-9933163
9886512
-9270484
5255031
4495205
-1960944
-2354042
992145
654665
-137315
1657685
7384837
-573542
-3694168
7672268
1382818
-3924696
4195425
561058
3911513
-3001274
-271432
-3345276
1010029
-1660533
3475426
8245885
9372156
6075705
-3632291
6605380
8384152
-6391959
5220521
-4533026
2528421
-4942577
8052147
5885669
5778767
8797984
745452
-5286849
-3836749
-5460901
7630639
6965745
-1480558
-9606239
-1843509
5035131
8735267
6939077
471684
-6393778
7632231
9577800
-3701811
1524322
8919148
5595829
1354144
-6777110
-8899978
7455387
5535557
5088130
-2374088
6532584
-6614382
2030464
-1885840
9198667
8369292
1786116
-3584419
-8143274
-2760736
-2744624
7786128
7350979
-3751846
3764296
8708955
8513107
7403788
-4104921
-1542578
6693333
6416335
-7455130
7295984
-5051586
-1774655
821284
5502247
-5411804
8499077
-5133602
6579741
5762045
-3288718
1191666
4553709
6775980
-7141623
-5774101
-7997525
2143327
8215910
5687804
4514673
3782706
1081716
-6086000
3936828
1849076
-5823142
5770427
2434153
5364584
158280
8576315
432253
-1669360
-8786814
4438408
1827950
-7596659
1561269
6061512
-3323683
-7896462
741017
-9855873
-3251727
-3952103
-6364131
-2842844
5490335
-1086863
-9651443
8333075
-9878905
4576004
-2386053
6826852
4439494
-4761417
-5762713
-4296746
-3761265
4903825
2649654
-3925248
-5292779
-8012192
4180003
-3134073
-6701498
2313179
9266002
6058255
-7974441
7705035
-9894795
-9889007
-3313478
-551968
-7002001
5059753
8282957
4452119
4895152
-6781123
-6609970
253263
-2481946
4786656
1306431
-3463511
-2769734
-323121
-5051392
-6477430
2602478
-4122934
-8710367
267590
-633156
8578285
8139915
4546427
-8416454
-8633433
-8395109
-7053723
-2486260
8259917
-9593398
-5378075
-5928276
-6509198
7132481
-5088591
3119976
8670819
5934187
1036390
-4664431
5717881
-5490281
7820264
-5726282
440288
4318062
-273924
-8797523
-632372
-4970222
-8863116
-9640887
-4828703
-8056249
2217580
-9149503
378796
3088927
-1694917
4000712
638324
1449684
4963048
-7822281
-7067178
3293513
-4269942
5967717
-8306484
-4560456
9139379
106892
7983199
4431800
-7743992
5315171
9801970
-2637295
-2348898
7688416
897105
9478761
8275178
-393350
5431788
-9474940
-4163764
-8906621
1432383
9657098
2668391
-551138
7058368
2916534
9830602
-369167
8958778
9739737
653186
9849706
-6620439
-2679998
3339211
-3979747
8635119
5580578
10368
7699812
2959643
2978089
-9825538
-6543189
4463721
-4900562
-5424896
2656257
-1424089
4902111
5892655
8731682
-8850958
-6843416
7362356
-725375
-457675
-7558344
5652002
-8218550
7039767
-5696165
-3428405
-595457
-7772250
-4212299
4656008
2477530
1246240
2916269
9775091
5412690
-6849137
-7493015
8293256
-8489230
-1539135
2462092
-1139958
-7692587
7417460
-5709766
5248238
4153006
6190816
9090663
4823060
3707956
-8404366
7106771
-1060507
3212760
3431618
-188247
933062
-3475510
-9223177
3210291
-7393323
3080192
498587
-35091
4236255
3347
2847934
-5898657
7858306
9214347
2741537
-6715424
5637546
3151876
4859113
-6722642
4790844
7349052
-6355282
9219410
-7315370
9245021
3281916
-3295792
7790788
2574090
9342880
-4212002
-2943172
-6167879
-2360933
-9117902
8613551
5742794
-702961
5263383
-8867008
5237737
6463053
-4489472
-2997523
-5806437
1119708
2299680
2785266
1791703
-6967942
-8784005
9615376
3800751
9788412
-313001
7290376
7673927
-7007546
-8285836
2644317
-9147071
1611089
-7779768
4021713
2398159
5478800
-219799
-4610031
2513515
852426
6982765
-8407106
-3492471
2814191
-1078977
-1032316
4791523
7310028
-5712441
-7426803
-3437342
4362910
8393043
-1263015
2431099
-8177415
7817292
-634586
-5442534
2226872
1035223
1899930
-2172570
-5016203
-1819452
-5348187
-2637183
6886575
-4866794
-295552
-2014428
-7526049
8096933
-3491787
1093893
-5195286
9359974
9188422
-2378145
5092735
9797107
-379361
-2987646
-9605924
-7497627
-860868
1960515
-290600
6901768
884012
-336242
-1468451
-6515131
835044
-1425677
351913
9803159
5546504
1384273
9408844
6223542
-230108
1690796
-7544345
6975630
-2532423
-5769766
2696904
-1983212
8505648
-3927610
-6542251
6785638
-3662429
-5181426
-1127807
7278519
3918608
3650970
149649
5210462
-7340054
9060218
6714354
5452404
-9060837
455848
3160119
-2405056
483909
7367995
-4084971
2568826
-3028364
-1192123
-9885148
-9197754
-4632534
-8405134
8174631
5866943
6761958
-9263157
-3049669
9216533
-8146014
7145906
7164693
-1289048
1972834
3068228
8330849
-8068053
4786548
-9484362
9327897
6046295
-4041937
-9209779
6113147
-9035452
623811
4772574
213270
4434031
-7658105
8676324
8719947
-7222431
1911209
-3972894
3821634
7713330
4854151
-7988269
947655
4697813
4334450
-3254618
4396935
-8351554
-2228120
-4453030
-8957700
-5843687
-8665861
5472464
-7380647
9912544
8294101
-8421385
-4248422
8910212
6239446
6378465
-7308937
-2638290
4150278
920315
-6893961
-9223652
2905127
5557285
1236250
-5096592
8669070
-5615687
9965138
6861423
4661928
7135182
6617905
-3685922
2755024
-7495906
-1479233
8907980
-2196141
-4887865
-5298864
-647727
-1735047
9743727
7772601
-1692997
-6476103
-1138925
7999821
1086995
-83818
2445573
-1898679
-3990696
-4180705
-1609466
2362565
-6421556
3487993
-9708609
-62792
8585694
-1913500
-5176520
6183359
-2368620
-4103725
-6740990
2497597
-2546235
-7165853
5962094
5692487
-2666149
-8618083
-9619418
5560169
6885376
1134672
-4393953
1628426
-3881356
8222732
8245965
-2260179
7065716
9054044
731427
-1966432
1562245
-3834743
1723516
2285980
1496455
-3430875
-8395725
-7334421
4323840
4431939
-1996934
3657665
-2091730
5700304
-3261508
-334886
1206440
4907628
-4437340
-1640964
1553204
3008169
-8992036
9055821
-3665614
1707448
4289475
178687
5344573
9686647
-8950989
532342
-854930
3134009
-3511118
-6901643
-5039619
-4295732
-1519909
-1406893
-8191840
-499026
-7963615
-9056826
5041246
7630119
-9811510
-9205548
-9285639
-9166039
-7805466
-3231142
-5670391
8915855
-3597703
-1783920
5937773
-8466141
6032721
3897004
6444160
-4800586
-4116298
-3410503
3717733
-2016710
9421049
-1554197
-412175
-6736232
-3652874
6851662
-6937475
-8872044
-6371692
8152116
-6154133
-5037485
-531142
8854491
1733284
3775658
-3633294
9464969
8917577
-8544107
1021934
-8890173
-1819525
-5728568
8151425
-1175191
-6671004
-8389993
-349546
-8444182
3819948
-4378667
-3670292
-4325760
4973875
3548401
-6339972
-3161570
1457358
2174402
6787260
-3468511
8108279
3678610
-1451661
-4108650
3938179
-6593160
-56970
4095926
-3822695
-509896
-8461165
7749507
-1511965
-8105292
4677597
-4197587
-9229853
6398660
8573121
-7402634
-8258222
-4715742
-2973456
-3692556
5717179
5456298
7148797
3778208
-7905750
-1718663
-9800678
-4348978
-2013609
1750676
-6145554
-770552
-2033625
-3007214
9356990
651630
8928490
2624164
5284463
-4594136
-7834687
-5881920
2397632
-4012078
4373800
4678716
-7789187
8056349
-284849
-9921853
3011918
2305743
6147067
5299888
7059982
-7872140
-3418577
-8707306
-8639711
-7479837
-1881203
3118290
4092207
2433940
-8984046
1471915
-3258076
5762413
-400575
6851096
5634436
-2522971
-7496062
2134441
-6076404
-8388675
-2389607
9787109
-1447177
-2285208
-9036499
-284856
-8910702
1359884
9219407
3309473
-454896
-118078
-3825910
5379363
-4066601
451690
6466371
840107
1225456
-7503994
9571353
2229268
1322994
-6824798
-5451822
1957245
4748043
-3445740
-277773
-8730317
3233170
-2929635
-2230400
4710114
4908666
4412005
6266505
-1286689
5884349
-4312980
-1847483
3131917
-7851451
-4400241
924333
6739477
-534489
-8296022
-686828
-7431427
4934230
-2539125
4383175
7826176
5846172
2677176
-9067591
7629952
-5959696
9955411
-7518607
2256766
484578
-3892698
4844779
3233482
-2782776
6505599
-2049224
5008544
-4633456
-3736666
-7267220
-2292490
6655246
-5959857
-2002100
-1154366
-6394634
5972223
-5687071
-8206757
2373940
5009001
-1545807
6786334
-987033
396952
-8719532
9620455
-2435505
-2538007
822610
-940513
-1556623
-7804779
-391374
-927747
-4875828
-2361139
-1329614
-3761629
-7328652
9751940
-7002737
-1698026
8093081
-3834634
-4370484
6839431
2078899
-2529809
-6136231
-9376349
-862823
2392796
-7656398
-9000126
-8654711
-420627
-7686445
2645198
9824644
8347292
-4151416
-3099249
3171314
3217449
5369334
166731
6432127
9895382
-3633958
356075
-3182335
9858985
-2510373
-3990812
2974967
-5018245
-9879482
3158711
7034863
723023
2386620
6685525
-717729
7689459
9840051
-2797000
-8062626
-3544211
-7936235
-6747392
6517010
2416969
1126694
-4997893
-7939855
387891
-7559320
-4704141
8573685
-9823139
-9439271
3693046
4741987
-5403669
4915010
5030406
8667433
335985
4861401
7584393
-4689141
9104838
-6080288
7604712
-8182240
-5353481
-2809762
5469499
5925055
4403952
-4537601
-3064560
-2433220
2880689
5863506
-9059157
-9788151
-3978341
3203577
-2044663
-5269693
144221
-9050361
2478467
-6452404
2058795
2793558
369557
4462639
7100096
4354672
-8374247
-797537
389538
-1999303
594084
3681796
-4984958
9463428
5865601
3046483
9960957
8209833
4312823
-4896862
5215828
-9531454
-8145479
-2809350
9051272
1017839
6481069
1249248
5052508
-4441579
8722205
7030382
5212511
-1171039
-5474150
593061
-1462333
-5436077
-955908
-8799723
2042814
396640
2750708
-7072055
2416910
4594682
9926691
7420973
-2204142
-2042661
-1554306
-5579508
-10354
-931580
-6027605
-6622173
5995404
3069667
-8444884
2165849
-5603685
6823306
4256028
6659528
4060679
2021294
5962114
-9461350
2389562
-776322
6096589
-5967185
-5393160
-1403727
1927873
-1844748
-7526993
4684536
-9658810
3863073
-2655426
-1208276
-1540385
1459235
-4965023
-8742400
6111292
-2798536
-3484271
4921248
9188022
1781688
-8790634
-7336371
955145
-2057195
-54151
-9279868
-4160826
-5173037
4303490
-2490565
5249829
-8609236
-1989004
-2715298
-9301581
3666787
-1602683
6084600
6003654
-6609453
-9102741
-5869151
5842627
-6549629
9878893
1219205
7910515
3446950
-6350755
-3012827
9141448
-4942811
8889091
-6911940
2210738
7426345
-5601746
-7023038
821597
2200714
6716464
-5963074
-7531551
7846032
835885
3030449
7701650
-2865493
-9925590
-7242498
-6412725
-5934570
5695130
-3032970
-4773539
-9131976
3559620
-8012101
-2787194
2990825
-1276535
8569512
-1009136
-6166033
-7795175
-9220866
4574234
2128117
3215036
5930921
8888180
-5265711
290908
6923479
-6027436
3810663
9626517
6702274
532084
5865343
-2302214
-4067576
2640277
340119
-1894435
-5674703
-2711882
-1356769
3939599
4199364
2018659
7813270
-1390670
5450043
293460
5657626
-1547061
-4821199
9840312
-3110525
-4179853
8363834
818085
9456920
-1287026
5929226
-8646314
-3740764
9307432
7222835
8964204
5387777
-7998523
-8422598
5243433
-6445108
-5727270
-3574589
1339772
8289609
-4661032
-8345627
9065292
-9896291
7432450
-9017057
6525614
9230484
608058
1661975
-8390185
3630653
-5141545
-4931418
-6396437
-9236538
-6972247
-5346278
642042
-624300
7060973
2686204
1751901
7549432
3703209
4222627
8357396
9864822
7663759
-565103
-5231941
6665525
-8623172
2001145
-1606556
8168678
-6943181
1377522
-81701
4253431
-8138167
5207447
-989996
-5447312
-5445209
-9358101
-223748
7676161
-608148
7822061
-8923915
-6512073
-436968
-8724153
-163185
7515278
8766872
140149
4908997
-1653941
-9024936
-2655736
4041832
-4317130
401699
874580
-7644026
5302396
-9582646
7875996
-5570718
8085755
7335949
-9550158
-2309195
-7538862
697999
2173096
-7251774
9188315
1107678
-3882933
6420135
6414798
-6749730
7161276
-5862158
3333865
7753341
-6428352
-2346196
-394470
5188822
-6447284
-1038292
-2539042
2402312
2180480
4513892
5796778
952051
2996530
8795348
-1301138
-8950962
-830304
3068208
-9761177
4518855
-1223793
-6343256
306421
-39374
-5269364
-2076794
-5293273
-3583866
7368183
-7322435
-5955369
-7403187
-422060
3574062
7014182
-7655624
-2155774
1545612
429553
6495735
4893381
-9570711
-7924682
-4463327
9536758
8179318
8256207
-4692878
6506010
-4707536
-4358785
-8212867
7574972
5872206
4264367
-6463187
-8848105
-6234867
-2405051
-5162565
1904226
-4204781
3559046
9216456
-9647780
2839186
3230941
-9097116
-6538194
1093191
7595093
1084996
5880439
-3323708
-5677923
9222115
4313472
9003951
-4509729
1910576
1814271
-3385112
5962751
4828727
729755
9323554
-1396421
-907353
-8341928
8640520
4744200
-3642457
-3959480
2020920
-1790996
-8385013
-8122825
6475058
-3113974
-7363790
-9394133
1386483
-3427803
4233674
1515573
6987974
-6257931
-8894458
-8150717
5129107
-3732438
2019615
-8888665
-909847
6220505
-9359297
-7054583
1067339
1495167
1074090
-8650610
9959568
-8754000
-8522012
-1573256
9054896
-2450798
5464447
4105154
-6194197
4569989
-2742679
248383
4348623
-5775343
-4318577
-2074355
7581056
-91778
3589682
-8299291
1676804
-1171273
942511
-5582460
2376522
-9525501
-22216
6115598
-830879
7764774
-7776946
-3630440
4002789
1921602
1520405
8325552
2515876
9913492
-9122481
1592050
2558602
-2357897
-5488038
7717250
1095157
-6619633
-6484033
-9854237
301414
-5626259
-5967890
-8332862
-5866806
4743075
5626198
4637422
3663651
-5314106
-679953
-1836516
-8724493
4110606
4000304
828863
-9088805
5551815
-9256988
-3713673
-1435264
1912291
-1173106
-1003274
3151820
-435070
-2171797
5342529
-1619774
1163975
6529503
-3598831
-5045025
6031368
2292543
7753506
4155845
-943631
-6930693
-4892589
3101168
-6448670
-1910526
6672677
8770756
9006748
-9683268
7004376
3555387
-1209469
7177629
3832941
3700771
3063897
5851487
-7179913
-8309371
3180195
18047
-5859714
-671712
3514512
9418042
-6265174
2033387
8385158
3233338
-3952821
6515511
-6330795
156885
947448
9261883
-9019108
5797430
-4909094
7209748
-8779578
-692999
7520582
3050459
-5639628
-7400755
-921588
-5335543
-2611179
-2754386
-4590368
6457703
-7437607
-5165770
2842678
-5195778
-6964836
-6396589
-2954938
7046973
7576926
-5248836
-9008183
-9022115
-9093006
-3629819
-2185959
-14725
-7430476
-5210876
-3606235
-9521149
1809716
8003560
-6156990
-8525325
8242443
-3666084
5643624
7139082
3828347
9193919
-4260228
9542598
5657361
-2416016
3473930
1491430
76678
-3081331
8467009
7103062
6523138
-6790836
-4767160
-9708835
-8365385
-2130651
-2509232
348554
-3851598
-362369
-213388
-8838339
-543209
5579192
4455993
3049127
5505193
796657
-7633087
7022363
934878
6913614
7543520
5797943
-1880157
-9100764
-8784068
3449860
-9426414
-9539729
1622516
-9076028
-7481750
-4925003
-4546224
-5316726
-1017617
-4472080
-9391483
-6006067
4336821
2233187
-2808733
-6112988
4558824
-3320336
-3327602
8390200
5944379
-817187
5290010
9956873
1462901
8703999
888854
3077546
8382810
-2867576
-2038790
2026720
-3027186
-858008
2144448
-7010486
5286050
8371642
3542625
-991574
-1965978
-9898387
6551812
270503
-8884514
-5069899
-7459084
-33658
4275118
1250584
3662218
-3438877
-9472920
-562454
878887
-321677
1857501
1939860
-9584706
-812476
-3368530
880263
-9026948
-6045718
7407987
4785852
-2652896
-2551758
5417971
-1783787
-8898090
6831539
-4290446
-8279793
2848292
9939274
9722210
135650
-3543162
620596
-6732923
5007827
5531077
6512381
9522880
-3391456
-3520324
-3768209
4607283
7889643
4292061
-3660268
7618036
-4501531
4235121
-6820152
5071642
-8379058
-1778365
5944812
-772846
6013592
1026160
5528193
9709473
2525152
-1881704
4043124
-1243417
2967054
-5141261
-8673972
6645680
3476034
-5447825
-3239651
-7807172
-3725937
1163842
-1721907
7148447
-4114105
-8188411
2236765
4366536
-882711
4041156
-403171
1395429
4490997
3420088
-4920089
-6600951
-6884346
-8518190
-679954
6655589
-7070607
-9760671
-2430454
2782517
5037965
6223813
-7151172
6842843
5716195
4533404
-5327656
-7158773
4261662
-5048390
-8496194
2670262
-6592840
6593202
8340046
-3740711
-325414
-3427715
-2906187
-5721969
5786102
2544072
4279066
-6330538
-2048912
-7658095
-8800706
7580215
243935
-8219084
6104261
3589911
6366641
5470465
-5131777
3390645
-5164957
-7489450
-4884129
9064137
-3103104
-2634061
7534576
5838383
7086988
-2296271
-9661617
-8245234
-1712874
3540530
-5511810
8415756
8374275
-102058
-4770834
9507544
1578074
7378343
-8919095
2847519
8569293
9119833
2616639
-1968295
-244861
-8336042
-6651359
-6329632
-8776170
-9533091
6231560
-1690406
1994214
-8792799
-817822
-4000660
-5069668
7819302
-5884932
-8757676
3059476
3601929
-7324316
-4051740
1725965
-5311359
-6558557
-1435374
-6664096
-8047263
9503500
-6677609
-8246584
-4069854
3909142
-6909556
7309303
-6452577
-8953513
-6607385
1312959
-195429
-5860185
-7985848
1354691
8062571
-6616958
6586335
-132047
3313920
-1790990
2661863
9895392
2251996
4763080
2209246
8895216
3463736
7899669
9697182
-9700481
-2976107
972579
-5020124
5609593
-5799425
6678108
-1689425
6016738
-1435110
-4607631
-4400475
2335605
180254
8344735
-217905
-9336774
9683982
2025625
-2068156
-1840798
6607179
2520752
8467399
-3592804
5810799
-3344577
-8912584
-4452475
9211960
980185
-5975932
1762964
9524987
-900551
-2203184
204201
-3877446
-8414240
6571565
1322750
-1705965
-677258
8314812
-2747360
-7437561
-9656855
8366501
1646375
-1518479
1393997
-2725346
-2877593
-2773430
7517939
5412338
9921343
-4820524
-5291946
738666
7936320
-8533652
-1257484
4640819
-8745137
1174615
2447049
5354947
-5129459
8014014
-5091600
-6450380
-9043794
-271788
5762528
8044390
-733260
8497575
-8975515
2997248
-7573779
8188037
-3575206
-6893441
1337989
8894400
3721610
1966920
-473140
-7639767
5311304
12762
-629144
5269286
-9978479
-7119456
1776732
-3750503
-894924
5488005
-2681345
3845622
-9735309
1362662
4341141
2803051
-4374832
-6468020
879164
-9053578
2242332
3410515
6290482
8900426
-8900064
-6614285
-241942
-6675727
5814761
2889192
4908436
6869669
-1442919
6645444
-5160504
-8674669
-8012501
-9855882
3033311
-2415273
9525489
-7592474
3123923
-5361660
-9863276
3440893
2969056
303619
-3007051
8486781
-8112889
-4925236
4402129
-1469952
-25092
-6426431
7941211
-606498
9329604
-5147965
5073183
2474179
-4746737
4519004
-8311213
-2309881
-6590352
-5993695
2293776
-6885053
-2650579
6060035
9273620
6290981
-3439999
-271090
-4044478
9829716
1974139
1318200
-9776226
-2466070
9542826
3520497
956707
2555770
2446773
8598898
7262156
-4970723
153443
-9602246
-8537673
5705210
-7305997
3326739
-9316346
-1854567
-6099602
5494336
375825
-2671987
-7650522
2508892
4658607
8149735
-8783829
-8047375
6388584
935378
1383859
-2532760
-5040722
-5530517
-4573133
5254035
5105824
-274056
5188284
2725417
-8811007
7952602
-8085155
-7928999
-7268416
6568770
-5873574
3529337
-5765355
1066271
1771060
-1341330
-7499105
-8669989
5579641
-852119
-6790452
-9848629
9483512
4770825
-8592926
4931259
-7181694
-9665413
9373752
2980159
6299039
-5077478
-6676187
-9458381
6211022
-4082233
-6012472
-6910808
-4154810
-7982204
-6985202
8484790
-6211464
6531122
8352289
5314023
-9850279
2284944
-9775873
4024513
-3005830
-1722579
-2003384
-6725266
269123
206698
3241417
2304627
3978593
7734899
-3066026
-7977833
-41360
4058211
-426724
5547509
4027301
359716
-7184607
5755692
-8953629
-1059863
-5668490
1498443
2517592
-2994247
7454433
8186511
-6674379
1239094
-1765145
8535531
-3574323
-8535527
-5311856
-3427624
1158509
-6832680
-1510030
5146707
-5492364
2759219
-6909679
-5629441
-886569
7691662
3739199
2253328
-4930701
-2571230
7183706
-6687740
-8506749
-8817813
9088709
8971861
5957427
-6600249
-9733463
3485654
-8754934
3213865
7397289
6140795
-4230998
8966602
6601665
7071502
-5639686
-3191774
-1307538
399669
-3971460
4857953
-1594767
9823409
584625
-2220668
-6703789
-5673809
-2443100
7310757
6159740
2247578
466827
-8418716
8083709
-8202021
-2463694
-8563474
3081183
7119611
-2553132
3899677
2553623
-2152886
9583584
1542474
3202692
5092150
571947
-7740984
2444373
5565348
3314053
5955914
3678711
-8889470
-4298624
2077534
-5359508
-1966798
8013044
-5518216
3425845
2474113
-9249608
-2598869
614092
2924043
6397725
7217668
6973643
-1418891
2073031
3360566
4042299
-1181013
4271280
-7416846
9574119
2118556
-9319246
5924544
-4705738
9017751
3952094
8538613
-5345144
7316542
6637279
-1715964
-4794421
-4033656
2890065
-5668688
7670474
968587
-5511921
4684740
9454448
1609761
-368205
4618215
6948116
-9568876
-2172408
5127711
-8303929
4651368
2562604
-9951372
-3269568
8010535
-4700854
-5507837
-3712599
4982986
-721249
4458653
3854038
1105537
-681827
-6675172
-6141009
1189848
-7089683
-744518
9037487
-2006184
8005189
677079
8911246
2057731
-4034850
3729682
5340802
921544
-6268540
-59675
-6220619
6004874
-618603
2010076
-8506531
-1018568
-813723
949539
-9415704
865703
-384838
6035742
-2082398
-8573392
6723387
-6602835
7542160
3313432
3231724
8363514
-6097217
1407736
-5609261
-2697550
7144650
6182945
3909484
1334186
8919594
-4622683
141072
3251588
5814703
5137902
5047087
7206302
-6783206
-1775429
-9689191
8964992
1958448
5701008
-95766
7931979
2831750
-904787
2932843
-3591187
3637278
-2142581
2657766
-2111070
-7145794
3829258
-9247736
857640
-2407871
5955562
-6207593
1558719
-9782384
-4497735
4793094
8219023
1775100
-8885401
-2522241
4381436
-6597315
-1407456
-7755293
2963420
-3154806
2780015
4733917
6441636
-9467520
6559238
7581906
4194100
9768637
-8474359
2495841
-5961447
6949700
2705998
-1370119
7969975
7283774
2315179
-5271527
1161448
-3922312
5600781
-4712439
3499202
-2273421
-7019780
-6950271
1243931
8892462
-1562661
8482472
8598767
-3566122
-3339423
-1122801
-3203993
7816290
-9308048
-7585610
-5746135
-468155
3934659
-1705933
8254075
1122440
8956795
-1547570
-7485161
-9971588
2966121
6240170
-9106199
1852022
620280
2877628
-5882547
-74608
-2350393
953290
-7923840
-9227852
9270837
5235320
4632064
-3754575
-2639696
-4555581
2992482
512290
1955697
-3316571
9833274
3749353
4099017
-1906252
-5690316
780392
3993513
9343077
7174619
-4936583
2986174
-4372517
6447790
4430428
5036079
1763110
9732462
-9977256
-4290448
4502128
7546480
-3734031
-2834268
-4239225
-2971101
-7646410
-5972882
5623362
-5349751
1914407
4552036
3085694
-5874131
9010542
-1792879
3982366
-9831057
-2811313
2466259
-1830691
-8317105
4543599
-1673832
-502098
7258060
-8158044
-9305867
6196285
1439386
8408092
4024337
-5786738
-1985133
-1159499
8599137
7064477
8540814
-9931658
-3870043
3916933
976178
