-4497878
-4575279
4965876
-5757270
9318833
-7321803
-4435908
6858642
4095358
372367
-2259207
-2947733
6434243
5050264
8042924
-1291513
9222514
6799623
3654446
-892523
388449
-9994852
-9893586
-7795874
-192874
-3072620
8529723
4606429
234580
9063176
2423140
1765627
-4587707
-8558222
506009
-2692767
9805123
-8480371
9480445
-6652672
8654398
-909943
-3824810
4759551
1867362
3235117
-7358869
4031234
-1037018
-9406712
7142917
-8294038
6960946
-9101743
-1525617
1486494
1279505
-5546203
7968747
-4405534
-3496055
6582717
-4166902
7574473
6298613
5597266
454123
6101993
-1042886
3879828
738688
-3723606
9101168
2483847
-8111654
-927595
9220915
1601744
5823804
-2553607
-4074022
-4698659
6192997
8099494
-3869622
-5760236
9612230
7401921
-1551993
-5268412
-295558
-4095521
3715140
6795827
4114623
-2181071
-4361069
4776188
4812270
4536736
-7823474
1361039
7556491
2070323
1552180
-1527100
-2466723
-207840
4805733
905566
-478946
-5982334
9647078
180215
-9194849
4422882
3588687
-4740191
-4262251
740873
8449469
9020645
6390979
-8460022
7200298
-6355677
6475748
1403670
2418480
-7101505
4872163
-2491758
8273590
-7885405
3898014
1240859
-3794378
-8168595
2909365
4580502
8532338
-3240990
7715813
483488
-6849525
5113019
6607862
6593343
5157124
6990660
-9464537
1331895
-4988527
5282179
3533570
5742391
-8127733
-6491692
-6033861
-3645022
2137858
-1328537
1545258
-9154912
4303621
6664419
-5838484
7596556
6608622
-6766517
4416075
-9433938
9531132
9734677
-1345897
2532492
-9299969
-664136
1361294
-2582891
-6152622
-7862615
5596287
9918424
9043122
-4452215
-1131596
4377155
-4423116
4150304
-1962565
-1504751
7341246
-7624139
-3585459
8097904
180238
4044253
3495124
5535989
3054860
7756943
2442270
4063730
-7707295
2610973
-8373832
4895308
-5720756
-9148954
9909663
-4440683
-7274415
-9845833
-4383881
-9392597
-1633149
3505272
9516579
-6203436
6111632
-1718043
7568437
-8371540
610416
7956483
-5108168
-1650474
7331733
-5790709
7010083
8107321
514146
4529133
-9913133
8644699
9690970
-768844
4596500
8624827
-3316835
-5823058
-5402321
2134469
-7780681
8507356
9519157
-1226160
-799627
3376737
1610197
7901385
5392167
3506266
2068876
7006473
-2162207
7529692
1972149
8383258
6718279
1062982
7502980
7911464
-5074338
-3657430
2438825
-3325510
-8874735
9269048
-7470034
6115343
-7258258
748697
4047023
-3153934
-4456783
-6397250
8763260
1056228
9072347
-9445917
-1560347
-7571223
-2045097
-1293108
-1677989
-6765687
-184508
8006158
-5417838
-4233552
8440726
2805706
-5448620
-2210267
-6904820
-4622518
-1764807
-9147675
8336259
-4329775
-6023379
7869895
6462031
-8569976
-418854
7403506
5879866
4019781
8946441
2546182
4765759
7823464
6323390
-8135105
2737108
3157761
386419
7656523
4310514
-9576224
-2423608
7641551
-4331082
-2093540
4367285
6338637
5818675
6904071
-9987300
-9977570
8835324
7390440
-7049505
8264017
-135013
638707
2118587
2209794
2013945
2046358
-5053696
-7142699
-1359628
-9193659
-283936
877055
8492711
-3823932
-596579
1808090
3875162
6160614
5514331
5895968
9620074
-7931432
-415302
1025073
454562
-9099343
7603002
9021319
20446
-2617770
-2049895
-2441493
-5167772
-2348187
-4079936
-2842529
9544686
-8436802
-3338270
7080084
-8784393
9367102
-1761026
-5231663
3815573
-1983466
-7508008
2715260
-5555044
-6166859
-5214079
-499799
-8455454
-1888496
-4075851
3560800
6782043
2583374
-6712102
-9665772
2976230
3880018
-4801155
-9347793
1090257
6238173
-6927603
4600568
-9104303
9897597
-5789267
8861647
-6631465
-3120337
5185817
-4556014
7521312
1755587
4620762
-9728652
-9746480
5212195
-6349820
3062593
-1814292
814785
-8594301
1845236
-9269972
148950
8948654
-457167
3321984
-552043
1325478
9816509
-1495557
3743704
287536
-4920552
6690948
-4056427
-4642637
5277296
3658157
-279841
-294692
-7221300
655374
-1729846
6006483
8089954
2797974
-4761700
6109991
1108114
-3041551
-9362769
-2246997
3449665
-1567470
-1674026
-1786746
-4531693
-918561
-6681666
6907737
-7003051
2684914
-2990319
-2807420
3407746
-9510854
-505089
1571882
-5181655
5033837
-8999265
-8121379
2090889
-4248427
-1825969
-4776007
-1771926
-2682020
2155146
-9501258
-3744249
-3262741
16941
-8474991
-2693972
7012739
5969306
3702220
-7035503
-3961449
-6463659
9282818
8519802
-6277834
-46537
9030891
678828
-9138669
-9393749
101617
-1889522
-3547583
5648757
-971726
-2800096
-7987163
328010
7691346
9217671
4776519
-2564527
9744809
-6117521
1050027
5816226
-1023250
-1043055
-1345788
2424382
-535077
8756681
9244459
-5161857
3888311
-75386
278113
9743766
5551469
-7299224
-1505187
7704469
-2016734
9934553
-3537704
-5900906
-1546053
-895160
-3728869
-7683841
-9769365
3080661
3959174
-8579759
-8942938
1980093
-8980926
-8860610
8788017
-3776478
-1274496
-2590754
-9497890
-6932002
-9876407
-8714597
2556200
-4304254
9664360
5488501
-6992319
-5075835
6263322
105097
-3829336
-343095
-5392047
6604765
7907623
8575432
-7126125
-6291086
3273983
-5072566
7011374
7451962
-1584726
-4136311
-6283364
5838940
4952200
4397817
7662131
-8917868
-9124391
-6854454
6477486
-2215834
6966361
2600514
1828270
3753084
1503100
7681707
-1541828
-92043
-4014880
-9299851
-4746681
-2146393
60754
-4993931
-1761425
4264593
-8046079
-9851886
-5238599
1783072
-7113306
7736246
9796430
-6271710
5693434
8302425
-9850454
8485028
5468219
-342620
5818814
2822346
6710683
-9817135
2554381
1016062
-9082023
5444677
-3552093
7751848
7929400
-6427653
3711521
-5599544
-5730534
-9865304
4208087
-9272907
-5768417
7244336
-4366223
-1960521
5598678
6412394
-6559387
4212851
-4809537
-4556635
-8263180
8789261
-9809717
-7665359
-3509954
7037889
-5379551
3894271
3465517
8533594
1088665
4448410
-8001534
3617706
3680218
1438385
-7011684
5515942
-2923285
-4850190
-663674
-8599789
1089938
3670056
1084068
-7533003
-6443369
228905
-3344585
-2454326
-5607304
-9190857
-4047734
-1230176
-4415701
-3160530
-959938
-804320
8770728
5394250
3536408
8489237
8738009
1788999
4568189
-7084159
-3120715
-9955910
-2865381
-6085830
-3948202
-9062341
-2830338
-4742597
9300132
6107184
3217803
1881714
2820817
-2968501
325359
-3021347
-8877829
-1055925
7657783
-662592
4825290
-9514061
-5188370
5003237
-1897168
-7418924
-4848657
3128931
-6429835
9705291
-9637803
-7017609
4056317
-6406098
-3304834
-681328
3333623
-8510220
7371901
1837386
8021854
432310
5309084
-9628065
-8943952
4716351
1953925
-8593006
5559509
2764667
9114162
-1576882
-2867144
-9368785
-102347
-2450112
5699655
5133768
-960596
8955519
6079272
2686918
-9138750
3685356
-4747878
9105195
1209744
-8409935
591791
851814
-3794994
6179136
-1115968
-9528277
-8375189
2007452
-7845856
9048131
2219307
5292931
5585701
-7121379
8647120
8201538
-7498944
-9812399
-8906433
3533194
-6449951
9946644
3151120
6689390
591830
-3940026
495054
-3931426
704321
1534394
-6013353
-2642685
814014
-7009798
-7478244
-1348745
9486261
-7727243
1225592
9691655
-207106
-403981
-6886203
6693927
8936779
-3665236
8407069
3170296
-5663879
-7070475
-9303371
5552444
-982529
6386829
-869504
-3139855
5008496
2592005
-1266747
1901274
5327480
3853978
92998
-1832016
767457
-3953183
-4296433
-1831272
-6019892
4008435
-3492102
-1393019
-9332299
-3959376
9390099
-6776735
-5826201
2621266
7098155
-5036152
-3158694
8983665
2360466
-9547485
5568615
-4042831
-6688588
-5094732
-9491962
-998351
-5939051
-4140822
6593910
-4776165
-6824336
7859993
435674
-5472842
1875044
-2214261
-9535716
-3117745
9579519
50651
-2966263
-4680977
-6362761
-2414251
-2365125
-7958257
4476822
4175615
-2337265
8152795
7131022
-3753513
-2345685
8657860
-5412369
-1037666
6364208
9725990
4887787
-7806417
3688939
7698291
-591146
4295925
3122329
5258731
2415727
-5957506
-9206161
-8182281
-567570
-5476156
-4839233
8428432
991795
5671243
3874553
3827289
-5997011
6953442
-1912048
-1843928
7298602
2582313
-3966754
7730636
9086699
1340639
2632175
2213444
7791571
-9196629
-7843096
-7665749
-7279905
9546580
4245948
8228900
7637706
-9864624
9428311
2679306
1884223
-2768029
2590462
7096505
-8827117
5159855
4570825
9613629
6016864
3067322
-8040172
9866872
3883655
948953
3652258
1525718
8952675
4446189
-1683070
1496552
2191832
-6013830
-1057230
-183139
5677392
-7961486
660870
799517
-9822975
-6302394
9082607
-4930839
-3230072
7287586
-8820733
4603022
2597728
-61546
-8857028
7769943
-5701493
3808291
7561090
6687632
4038164
-6879207
727351
-642667
-7324086
8833814
-8120236
-4682322
-3615542
-5771303
-6023571
-916824
5823187
-687759
556938
167886
-4083855
8080968
2825519
-5638132
8903506
1669828
9505288
-4055331
-2701475
-9912811
-5944227
-1042958
